"id.geno","V2","V3","V4","V5","V6","V7","V8","V9","V10","V11","V12","V13","V14","V15","V16","V17","V18","V19","V20","V21","V22","V23","V24","V25","V26","V27","V28","V29","haplo.qtl"
"AVORODHI",4,1,3,4,2,4,2,3,4,3,1,1,2,3,3,3,4,3,3,2,4,1,4,3,3,4,3,2,"1"
"Dohad_Yellow",4,1,3,0,0,4,2,3,4,3,1,1,2,3,3,3,4,3,3,2,4,1,4,3,3,4,3,2,"1"
"ICC1431",0,1,0,2,0,4,2,3,4,3,1,1,2,3,3,3,4,3,3,2,4,1,4,3,3,4,3,2,"2"
"ICC4093",2,1,3,2,4,4,2,3,4,3,1,1,2,3,3,3,4,3,3,2,4,1,4,3,3,4,3,2,"2"
"ICC9586",0,1,0,4,2,4,2,3,4,3,1,0,0,3,3,3,4,3,3,2,4,1,4,3,3,4,3,2,"1"
"ICCV91302",4,1,0,4,2,4,2,3,4,3,1,1,2,3,3,3,4,3,3,2,4,1,4,3,3,4,3,2,"1"
"ICCV97314",4,1,0,0,0,4,2,3,4,3,1,1,2,3,3,3,4,3,3,2,4,1,4,3,3,4,3,2,"1"
"Slasher",2,1,3,2,0,4,2,3,4,3,1,1,2,3,3,3,4,3,3,2,4,1,4,3,3,4,3,2,"2"
"Annigiri_1",4,3,3,4,4,4,2,3,4,3,1,1,4,3,3,3,4,3,3,2,4,1,4,3,3,4,3,2,"3"
"BG1003",4,3,3,2,2,4,2,1,2,3,1,1,4,3,3,3,4,3,3,2,4,1,4,3,3,4,3,2,"4"
"BG1053",0,3,3,4,4,4,2,3,4,3,1,1,2,3,3,3,4,3,3,2,4,1,4,3,3,4,3,2,"5"
"BG1053",0,3,3,4,4,4,2,3,4,3,1,1,2,3,3,3,4,3,3,2,4,1,4,3,3,4,3,2,"8"
"C235",0,3,3,4,4,4,2,3,4,3,1,1,2,3,3,3,4,3,3,2,4,1,4,3,3,4,0,2,"5"
"C235",0,3,3,4,4,4,2,3,4,3,1,1,2,3,3,3,4,3,3,2,4,1,4,3,3,4,0,2,"8"
"CDC512-51",4,3,3,4,2,4,2,3,4,3,1,1,0,3,3,3,4,3,3,2,4,1,4,3,3,4,3,2,"7"
"CDC512-51",4,3,3,4,2,4,2,3,4,3,1,1,0,3,3,3,4,3,3,2,4,1,4,3,3,4,3,2,"9"
"CDCCorinne",4,3,3,4,4,4,2,3,4,3,1,1,2,3,3,3,4,3,3,2,4,1,4,3,3,4,3,2,"5"
"CDCVanguard",4,3,3,4,4,4,2,3,4,3,1,1,2,3,3,3,4,3,3,2,4,1,4,3,3,4,3,2,"5"
"Chaffa",2,3,3,2,4,4,2,3,4,3,1,1,0,3,3,3,4,3,3,2,4,1,4,3,3,4,3,2,"6"
"Chaffa",2,3,3,2,4,4,2,3,4,3,1,1,0,3,3,3,4,3,3,2,4,1,4,3,3,4,3,2,"22"
"CSG8962",4,3,3,4,4,4,2,3,4,3,1,1,2,3,3,3,4,3,3,2,4,1,4,3,3,4,3,2,"5"
"DCP92-3",0,3,3,2,4,4,2,3,4,3,1,1,2,3,3,3,4,3,3,2,4,1,4,3,3,4,0,2,"6"
"DCP92-3",0,3,3,2,4,4,2,3,4,3,1,1,2,3,3,3,4,3,3,2,4,1,4,3,3,4,0,2,"10"
"DigVijay",2,3,3,2,4,4,2,3,4,3,1,1,2,3,3,3,4,3,3,2,4,1,4,3,3,4,3,2,"6"
"GCP105",4,3,3,4,2,4,2,3,4,3,1,1,4,3,3,3,4,3,3,2,4,1,4,3,3,4,3,2,"7"
"GG2",4,3,3,4,4,4,2,3,4,3,1,1,2,3,3,3,4,3,3,2,4,1,4,3,3,4,3,2,"5"
"GNG146",2,3,3,4,4,4,2,3,4,3,1,1,2,3,3,3,4,3,3,2,4,1,4,3,3,4,3,2,"8"
"GNG469",4,3,3,4,2,4,2,3,4,3,1,1,2,3,3,3,4,3,3,2,4,1,4,3,3,4,3,2,"9"
"HatTrick",4,3,3,4,4,4,2,3,4,3,1,1,0,3,3,3,4,3,3,2,4,1,4,3,3,4,3,2,"3"
"HatTrick",4,3,3,4,4,4,2,3,4,3,1,1,0,3,3,3,4,3,3,2,4,1,4,3,3,4,3,2,"5"
"HC1",4,3,3,0,2,4,2,3,4,3,1,1,2,3,3,3,4,3,3,2,4,1,4,3,3,4,3,2,"9"
"HC1",4,3,3,0,2,4,2,3,4,3,1,1,2,3,3,3,4,3,3,2,4,1,4,3,3,4,3,2,"21"
"HC5",2,3,3,2,4,4,2,3,4,3,1,1,0,3,3,3,4,3,3,2,4,1,4,3,3,4,3,2,"6"
"HC5",2,3,3,2,4,4,2,3,4,3,1,1,0,3,3,3,4,3,3,2,4,1,4,3,3,4,3,2,"22"
"ICC10018",4,3,3,2,4,4,2,3,4,3,1,1,2,3,3,3,4,3,3,2,4,1,4,3,3,4,3,2,"10"
"ICC10341",4,3,3,4,4,4,2,3,4,0,1,1,2,3,3,3,4,3,3,2,4,1,4,3,3,4,3,2,"5"
"ICC10466",0,3,3,2,0,4,2,3,4,3,1,1,2,3,3,3,4,3,3,2,4,1,4,3,3,4,3,2,"6"
"ICC10466",0,3,3,2,0,4,2,3,4,3,1,1,2,3,3,3,4,3,3,2,4,1,4,3,3,4,3,2,"10"
"ICC10466",0,3,3,2,0,4,2,3,4,3,1,1,2,3,3,3,4,3,3,2,4,1,4,3,3,4,3,2,"18"
"ICC10466",0,3,3,2,0,4,2,3,4,3,1,1,2,3,3,3,4,3,3,2,4,1,4,3,3,4,3,2,"21"
"ICC1052",0,3,3,4,2,4,2,3,4,3,1,1,2,3,0,3,4,3,3,0,0,1,4,3,3,4,3,2,"9"
"ICC1052",0,3,3,4,2,4,2,3,4,3,1,1,2,3,0,3,4,3,3,0,0,1,4,3,3,4,3,2,"17"
"ICC10673",2,3,3,0,2,4,2,3,4,3,1,1,0,0,0,3,4,3,3,0,0,0,4,3,3,4,3,2,"17"
"ICC10673",2,3,3,0,2,4,2,3,4,3,1,1,0,0,0,3,4,3,3,0,0,0,4,3,3,4,3,2,"18"
"ICC10685",0,3,3,4,4,0,2,3,4,3,1,1,2,3,0,3,4,3,3,0,4,1,4,3,3,4,3,2,"5"
"ICC10685",0,3,3,4,4,0,2,3,4,3,1,1,2,3,0,3,4,3,3,0,4,1,4,3,3,4,3,2,"8"
"ICC10685",0,3,3,4,4,0,2,3,4,3,1,1,2,3,0,3,4,3,3,0,4,1,4,3,3,4,3,2,"11"
"ICC10685",0,3,3,4,4,0,2,3,4,3,1,1,2,3,0,3,4,3,3,0,4,1,4,3,3,4,3,2,"13"
"ICC1083",0,3,3,2,4,4,2,3,4,3,1,1,2,3,3,3,4,3,3,2,4,1,4,3,3,4,3,2,"6"
"ICC1083",0,3,3,2,4,4,2,3,4,3,1,1,2,3,3,3,4,3,3,2,4,1,4,3,3,4,3,2,"10"
"ICC10939",0,3,3,0,0,4,2,3,4,3,1,1,2,3,3,3,4,3,3,2,4,1,4,3,3,4,3,2,"5"
"ICC10939",0,3,3,0,0,4,2,3,4,3,1,1,2,3,3,3,4,3,3,2,4,1,4,3,3,4,3,2,"6"
"ICC10939",0,3,3,0,0,4,2,3,4,3,1,1,2,3,3,3,4,3,3,2,4,1,4,3,3,4,3,2,"8"
"ICC10939",0,3,3,0,0,4,2,3,4,3,1,1,2,3,3,3,4,3,3,2,4,1,4,3,3,4,3,2,"9"
"ICC10939",0,3,3,0,0,4,2,3,4,3,1,1,2,3,3,3,4,3,3,2,4,1,4,3,3,4,3,2,"10"
"ICC10939",0,3,3,0,0,4,2,3,4,3,1,1,2,3,3,3,4,3,3,2,4,1,4,3,3,4,3,2,"17"
"ICC10939",0,3,3,0,0,4,2,3,4,3,1,1,2,3,3,3,4,3,3,2,4,1,4,3,3,4,3,2,"18"
"ICC10939",0,3,3,0,0,4,2,3,4,3,1,1,2,3,3,3,4,3,3,2,4,1,4,3,3,4,3,2,"21"
"ICC10945",4,3,3,2,4,4,2,3,4,3,1,1,2,3,3,3,4,3,3,2,4,1,4,3,3,4,3,2,"10"
"ICC1098",0,3,3,4,4,4,2,3,4,3,1,1,2,3,3,3,4,3,3,2,4,1,4,3,3,4,3,2,"5"
"ICC1098",0,3,3,4,4,4,2,3,4,3,1,1,2,3,3,3,4,3,3,2,4,1,4,3,3,4,3,2,"8"
"ICC11121",0,3,3,2,4,4,2,3,4,3,1,1,2,3,3,3,4,3,3,2,4,1,4,3,3,4,3,2,"6"
"ICC11121",0,3,3,2,4,4,2,3,4,3,1,1,2,3,3,3,4,3,3,2,4,1,4,3,3,4,3,2,"10"
"ICC11198",2,3,3,4,4,2,2,3,4,3,1,1,2,3,3,3,4,3,3,2,4,1,4,3,3,4,3,2,"11"
"ICC11279",4,3,3,4,4,4,2,3,4,3,1,1,2,3,3,3,4,3,3,2,4,1,4,3,3,4,3,2,"5"
"ICC11303",4,3,1,2,4,4,2,3,4,3,1,1,4,3,3,3,4,3,3,2,4,1,4,3,3,4,3,2,"12"
"ICC11498",0,3,3,4,4,4,2,3,4,3,1,1,2,3,3,3,4,3,3,2,4,1,4,3,3,4,3,2,"5"
"ICC11498",0,3,3,4,4,4,2,3,4,3,1,1,2,3,3,3,4,3,3,2,4,1,4,3,3,4,3,2,"8"
"ICC11584",4,3,3,4,4,4,2,3,4,3,1,1,2,3,3,3,4,3,3,2,4,1,4,3,3,4,3,2,"5"
"ICC1161",0,3,3,4,2,4,2,3,4,3,1,1,2,3,3,3,4,3,3,2,4,1,4,3,3,4,3,2,"9"
"ICC1161",0,3,3,4,2,4,2,3,4,3,1,1,2,3,3,3,4,3,3,2,4,1,4,3,3,4,3,2,"17"
"ICC11627",4,3,3,0,4,4,2,3,4,3,1,1,2,3,3,3,4,3,3,2,4,1,4,3,3,4,3,2,"5"
"ICC11627",4,3,3,0,4,4,2,3,4,3,1,1,2,3,3,3,4,3,3,2,4,1,4,3,3,4,3,2,"10"
"ICC1164",4,3,3,2,4,4,2,3,4,3,1,1,2,3,3,3,4,3,3,2,4,1,4,3,3,4,3,2,"10"
"ICC11764",4,3,3,4,4,4,2,3,4,3,1,1,2,3,3,3,4,3,3,0,4,1,4,3,3,4,3,2,"5"
"ICC1180",4,3,3,4,4,4,2,3,4,3,1,1,2,3,3,3,4,3,3,2,4,1,4,3,3,4,3,2,"5"
"ICC11819",0,3,3,0,0,4,2,3,4,3,1,1,2,3,3,3,4,3,3,2,4,1,4,3,3,4,3,2,"5"
"ICC11819",0,3,3,0,0,4,2,3,4,3,1,1,2,3,3,3,4,3,3,2,4,1,4,3,3,4,3,2,"6"
"ICC11819",0,3,3,0,0,4,2,3,4,3,1,1,2,3,3,3,4,3,3,2,4,1,4,3,3,4,3,2,"8"
"ICC11819",0,3,3,0,0,4,2,3,4,3,1,1,2,3,3,3,4,3,3,2,4,1,4,3,3,4,3,2,"9"
"ICC11819",0,3,3,0,0,4,2,3,4,3,1,1,2,3,3,3,4,3,3,2,4,1,4,3,3,4,3,2,"10"
"ICC11819",0,3,3,0,0,4,2,3,4,3,1,1,2,3,3,3,4,3,3,2,4,1,4,3,3,4,3,2,"17"
"ICC11819",0,3,3,0,0,4,2,3,4,3,1,1,2,3,3,3,4,3,3,2,4,1,4,3,3,4,3,2,"18"
"ICC11819",0,3,3,0,0,4,2,3,4,3,1,1,2,3,3,3,4,3,3,2,4,1,4,3,3,4,3,2,"21"
"ICC1194",0,3,3,2,2,4,2,3,4,3,1,1,2,3,3,3,4,3,3,2,4,1,4,3,3,4,3,2,"18"
"ICC1194",0,3,3,2,2,4,2,3,4,3,1,1,2,3,3,3,4,3,3,2,4,1,4,3,3,4,3,2,"21"
"ICC11944",2,3,3,4,4,4,2,3,4,3,1,1,2,3,3,3,4,3,3,2,4,1,4,3,3,4,3,2,"8"
"ICC12028",2,3,3,4,4,4,2,3,4,3,1,1,0,3,0,3,4,3,3,0,0,0,4,3,3,4,3,2,"8"
"ICC12037",0,3,3,4,4,4,2,3,4,3,1,1,2,3,3,3,4,3,3,2,4,1,4,3,3,4,3,2,"5"
"ICC12037",0,3,3,4,4,4,2,3,4,3,1,1,2,3,3,3,4,3,3,2,4,1,4,3,3,4,3,2,"8"
"ICC1205",0,3,3,2,4,4,2,3,4,3,1,1,2,3,3,3,4,3,3,2,4,1,4,3,3,4,3,2,"6"
"ICC1205",0,3,3,2,4,4,2,3,4,3,1,1,2,3,3,3,4,3,3,2,4,1,4,3,3,4,3,2,"10"
"ICC12155",0,3,3,4,4,4,2,3,4,3,1,1,2,3,3,3,4,3,3,2,4,1,4,3,3,4,3,2,"5"
"ICC12155",0,3,3,4,4,4,2,3,4,3,1,1,2,3,3,3,4,3,3,2,4,1,4,3,3,4,3,2,"8"
"ICC12299",4,3,3,0,4,4,2,3,4,3,1,1,2,3,3,3,4,3,3,2,4,1,4,3,3,4,3,2,"5"
"ICC12299",4,3,3,0,4,4,2,3,4,3,1,1,2,3,3,3,4,3,3,2,4,1,4,3,3,4,3,2,"10"
"ICC1230",4,3,3,4,4,4,2,3,4,3,1,1,2,3,3,3,4,3,3,2,4,1,4,3,3,4,3,2,"5"
"ICC12307",2,3,3,4,4,4,2,3,4,3,1,1,2,3,3,3,4,3,3,2,4,1,4,3,3,4,3,2,"8"
"ICC12321",4,3,3,2,4,4,2,3,4,3,1,1,2,3,3,3,4,3,3,2,4,1,4,3,3,4,3,2,"10"
"ICC12492",0,3,3,4,4,2,2,3,4,3,1,1,2,3,3,3,4,3,3,2,4,1,4,3,3,4,3,2,"11"
"ICC12492",0,3,3,4,4,2,2,3,4,3,1,1,2,3,3,3,4,3,3,2,4,1,4,3,3,4,3,2,"13"
"ICC12916",4,3,3,2,4,4,2,3,4,3,1,1,2,3,3,3,4,3,3,2,4,1,4,3,3,4,3,2,"10"
"ICC13077",0,3,0,2,4,4,2,3,4,3,1,1,0,3,3,3,4,3,3,2,4,1,4,3,3,4,3,2,"6"
"ICC13077",0,3,0,2,4,4,2,3,4,3,1,1,0,3,3,3,4,3,3,2,4,1,4,3,3,4,3,2,"10"
"ICC13077",0,3,0,2,4,4,2,3,4,3,1,1,0,3,3,3,4,3,3,2,4,1,4,3,3,4,3,2,"12"
"ICC13077",0,3,0,2,4,4,2,3,4,3,1,1,0,3,3,3,4,3,3,2,4,1,4,3,3,4,3,2,"19"
"ICC13077",0,3,0,2,4,4,2,3,4,3,1,1,0,3,3,3,4,3,3,2,4,1,4,3,3,4,3,2,"20"
"ICC13077",0,3,0,2,4,4,2,3,4,3,1,1,0,3,3,3,4,3,3,2,4,1,4,3,3,4,3,2,"22"
"ICC13219",4,3,3,4,4,4,2,3,4,3,1,1,4,3,3,3,4,3,3,2,4,1,4,3,3,4,3,2,"3"
"ICC13357",2,3,3,4,4,4,2,3,4,3,1,1,2,3,3,3,4,3,3,2,4,1,4,3,3,4,3,2,"8"
"ICC13441",4,3,3,4,4,4,2,3,4,3,1,1,2,3,3,3,4,3,3,2,4,1,4,3,3,4,3,2,"5"
"ICC13461",2,3,3,2,0,4,2,3,4,3,1,1,2,3,3,3,4,3,3,2,4,1,4,3,3,4,3,2,"6"
"ICC13461",2,3,3,2,0,4,2,3,4,3,1,1,2,3,3,3,4,3,3,2,4,1,4,3,3,4,3,2,"18"
"ICC13524",0,3,3,4,4,4,2,3,4,3,1,1,2,3,0,3,4,3,3,0,0,0,4,3,3,4,3,2,"5"
"ICC13524",0,3,3,4,4,4,2,3,4,3,1,1,2,3,0,3,4,3,3,0,0,0,4,3,3,4,3,2,"8"
"ICC1356",2,3,3,4,0,4,2,3,4,3,1,1,2,3,3,3,4,3,3,2,4,1,4,3,3,4,3,2,"8"
"ICC1356",2,3,3,4,0,4,2,3,4,3,1,1,2,3,3,3,4,3,3,2,4,1,4,3,3,4,3,2,"17"
"ICC13599",0,3,3,4,4,4,2,3,4,3,1,1,2,3,0,3,4,3,3,0,0,0,4,3,3,4,3,2,"5"
"ICC13599",0,3,3,4,4,4,2,3,4,3,1,1,2,3,0,3,4,3,3,0,0,0,4,3,3,4,3,2,"8"
"ICC13764",0,3,3,0,4,4,2,3,4,3,1,1,2,3,3,3,4,3,3,2,4,1,4,3,3,4,3,2,"5"
"ICC13764",0,3,3,0,4,4,2,3,4,3,1,1,2,3,3,3,4,3,3,2,4,1,4,3,3,4,3,2,"6"
"ICC13764",0,3,3,0,4,4,2,3,4,3,1,1,2,3,3,3,4,3,3,2,4,1,4,3,3,4,3,2,"8"
"ICC13764",0,3,3,0,4,4,2,3,4,3,1,1,2,3,3,3,4,3,3,2,4,1,4,3,3,4,3,2,"10"
"ICC13816",4,3,3,4,4,4,2,3,4,3,1,1,0,3,3,3,4,3,3,2,4,1,4,3,3,4,3,2,"3"
"ICC13816",4,3,3,4,4,4,2,3,4,3,1,1,0,3,3,3,4,3,3,2,4,1,4,3,3,4,3,2,"5"
"ICC1392",0,3,3,4,4,4,2,3,4,3,1,1,2,3,3,3,4,3,3,2,4,1,4,3,3,4,3,2,"5"
"ICC1392",0,3,3,4,4,4,2,3,4,3,1,1,2,3,3,3,4,3,3,2,4,1,4,3,3,4,3,2,"8"
"ICC1397",4,3,3,4,4,2,2,3,4,3,1,1,2,3,3,3,4,3,3,2,4,1,4,3,3,4,3,2,"13"
"ICC1398",2,3,3,2,4,4,2,3,4,3,1,1,2,3,3,3,4,3,3,2,4,1,4,3,3,4,3,2,"6"
"ICC14098",0,3,3,4,4,4,2,3,4,3,1,1,2,3,3,3,4,3,3,2,4,1,4,3,0,4,3,2,"5"
"ICC14098",0,3,3,4,4,4,2,3,4,3,1,1,2,3,3,3,4,3,3,2,4,1,4,3,0,4,3,2,"8"
"ICC14098",0,3,3,4,4,4,2,3,4,3,1,1,2,3,3,3,4,3,3,2,4,1,4,3,0,4,3,2,"24"
"ICC1422",2,3,3,2,4,4,2,3,4,3,1,1,2,3,3,3,4,3,3,2,4,1,4,3,3,4,3,2,"6"
"ICC14402",4,3,3,2,4,4,2,3,4,3,1,1,2,3,3,3,4,3,3,2,4,1,4,3,3,4,3,2,"10"
"ICC14446",4,3,3,4,4,4,2,3,4,3,1,1,2,3,3,3,4,3,3,2,4,1,4,3,3,4,3,2,"5"
"ICC14669",2,3,3,4,4,4,2,3,4,3,1,1,2,3,3,3,4,3,3,2,4,1,4,3,3,4,3,2,"8"
"ICC14778",0,3,3,4,4,4,2,3,4,3,1,1,2,3,3,3,4,3,3,2,4,1,4,3,3,4,3,2,"5"
"ICC14778",0,3,3,4,4,4,2,3,4,3,1,1,2,3,3,3,4,3,3,2,4,1,4,3,3,4,3,2,"8"
"ICC14799",4,3,3,0,2,4,2,3,4,3,1,1,2,3,3,3,4,3,3,2,4,1,4,3,3,4,3,2,"9"
"ICC14799",4,3,3,0,2,4,2,3,4,3,1,1,2,3,3,3,4,3,3,2,4,1,4,3,3,4,3,2,"21"
"ICC14815",4,3,3,2,4,4,2,3,4,3,1,1,2,3,3,3,4,3,3,2,4,1,4,3,3,4,3,2,"10"
"ICC1510",0,3,3,4,4,4,2,3,4,3,1,1,2,3,3,3,4,3,3,2,4,1,4,3,3,4,3,2,"5"
"ICC1510",0,3,3,4,4,4,2,3,4,3,1,1,2,3,3,3,4,3,3,2,4,1,4,3,3,4,3,2,"8"
"ICC15264",4,3,3,4,4,4,2,3,4,3,1,1,2,3,3,3,4,3,3,2,4,1,4,3,3,4,3,2,"5"
"ICC15606",4,3,3,4,4,4,2,3,4,3,1,1,2,3,3,3,4,3,3,2,4,1,4,3,3,4,3,2,"5"
"ICC15610",4,3,3,0,4,4,2,3,4,3,1,1,2,3,3,3,4,3,3,2,4,1,4,3,3,4,3,2,"5"
"ICC15610",4,3,3,0,4,4,2,3,4,3,1,1,2,3,3,3,4,3,3,2,4,1,4,3,3,4,3,2,"10"
"ICC15612",0,3,3,2,4,4,2,3,4,3,1,1,2,3,3,3,4,3,3,2,4,1,4,3,3,4,3,2,"6"
"ICC15612",0,3,3,2,4,4,2,3,4,3,1,1,2,3,3,3,4,3,3,2,4,1,4,3,3,4,3,2,"10"
"ICC15614",2,3,3,4,4,4,2,3,4,3,1,1,2,3,3,3,4,3,3,2,4,1,4,3,3,4,3,2,"8"
"ICC15618",0,3,3,4,4,4,2,3,4,3,1,1,2,3,3,3,4,3,3,2,4,1,4,3,3,4,3,2,"5"
"ICC15618",0,3,3,4,4,4,2,3,4,3,1,1,2,3,3,3,4,3,3,2,4,1,4,3,3,4,3,2,"8"
"ICC15868",0,3,3,4,4,4,2,3,4,3,1,1,2,3,3,3,4,3,3,2,4,1,4,3,3,4,3,2,"5"
"ICC15868",0,3,3,4,4,4,2,3,4,3,1,1,2,3,3,3,4,3,3,2,4,1,4,3,3,4,3,2,"8"
"ICC15888",4,3,3,2,4,4,2,3,4,3,1,1,2,3,3,0,4,3,3,2,4,1,4,3,3,4,3,2,"10"
"ICC16207",4,3,3,4,4,4,2,3,2,3,1,1,2,3,3,3,4,3,3,2,4,1,4,3,3,4,3,2,"14"
"ICC16261",4,3,3,4,4,4,2,3,4,3,1,1,2,3,3,3,4,3,3,2,4,1,4,3,3,4,3,2,"5"
"ICC16269",4,3,3,4,4,4,2,3,4,3,1,1,2,3,3,3,4,3,3,2,4,1,4,3,3,4,3,2,"5"
"ICC16374",4,3,3,4,4,4,2,3,4,3,1,1,2,3,3,3,4,3,3,2,4,1,4,3,3,4,3,2,"5"
"ICC16487",4,3,3,2,4,4,2,3,4,3,1,1,2,3,3,3,4,3,3,2,4,1,4,3,3,4,3,2,"10"
"ICC16524",2,3,3,2,0,4,2,3,4,3,1,1,2,3,3,3,4,3,3,2,4,1,4,3,3,4,3,2,"6"
"ICC16524",2,3,3,2,0,4,2,3,4,3,1,1,2,3,3,3,4,3,3,2,4,1,4,3,3,4,3,2,"18"
"ICC16796",0,3,3,4,4,4,2,3,4,3,1,1,2,3,3,3,4,3,3,2,4,1,4,3,3,4,3,2,"5"
"ICC16796",0,3,3,4,4,4,2,3,4,3,1,1,2,3,3,3,4,3,3,2,4,1,4,3,3,4,3,2,"8"
"ICC16903",4,3,3,4,4,4,2,3,4,3,1,1,2,3,3,3,4,3,3,2,4,1,4,3,3,4,3,2,"5"
"ICC16915",0,3,3,2,4,4,2,3,4,3,1,1,2,3,3,3,4,3,3,2,4,1,4,3,3,4,3,2,"6"
"ICC16915",0,3,3,2,4,4,2,3,4,3,1,1,2,3,3,3,4,3,3,2,4,1,4,3,3,4,3,2,"10"
"ICC1710",2,3,3,2,4,4,2,3,4,3,1,1,2,3,3,3,4,3,3,2,4,1,4,3,3,4,3,2,"6"
"ICC1715",0,3,3,4,4,4,2,3,4,3,1,1,2,3,3,3,4,3,3,2,4,1,4,3,3,4,3,2,"5"
"ICC1715",0,3,3,4,4,4,2,3,4,3,1,1,2,3,3,3,4,3,3,2,4,1,4,3,3,4,3,2,"8"
"ICC18724",4,3,3,0,0,4,2,3,4,3,1,1,2,3,3,3,4,3,3,2,4,1,4,3,3,4,3,2,"5"
"ICC18724",4,3,3,0,0,4,2,3,4,3,1,1,2,3,3,3,4,3,3,2,4,1,4,3,3,4,3,2,"9"
"ICC18724",4,3,3,0,0,4,2,3,4,3,1,1,2,3,3,3,4,3,3,2,4,1,4,3,3,4,3,2,"10"
"ICC18724",4,3,3,0,0,4,2,3,4,3,1,1,2,3,3,3,4,3,3,2,4,1,4,3,3,4,3,2,"21"
"ICC1882",2,3,3,4,4,4,2,3,4,3,1,1,2,3,3,3,4,3,3,2,4,1,4,3,3,4,3,2,"8"
"ICC18836",4,3,3,4,2,4,2,3,4,3,1,1,2,3,3,3,4,3,3,2,4,1,4,3,3,4,3,2,"9"
"ICC18858",4,3,3,0,4,4,2,3,4,3,1,1,2,3,0,0,4,3,3,2,4,1,4,3,3,4,3,2,"5"
"ICC18858",4,3,3,0,4,4,2,3,4,3,1,1,2,3,0,0,4,3,3,2,4,1,4,3,3,4,3,2,"10"
"ICC18983",4,3,3,0,2,4,2,3,4,3,1,1,0,3,3,3,4,3,3,2,4,1,4,3,3,4,3,2,"7"
"ICC18983",4,3,3,0,2,4,2,3,4,3,1,1,0,3,3,3,4,3,3,2,4,1,4,3,3,4,3,2,"9"
"ICC18983",4,3,3,0,2,4,2,3,4,3,1,1,0,3,3,3,4,3,3,2,4,1,4,3,3,4,3,2,"21"
"ICC19100",4,3,3,2,4,4,2,3,4,3,1,1,2,3,3,3,4,3,3,2,4,1,4,3,3,4,3,2,"10"
"ICC19122",0,3,3,4,4,4,2,3,4,3,1,1,2,3,3,3,4,3,3,2,4,1,4,3,3,4,3,2,"5"
"ICC19122",0,3,3,4,4,4,2,3,4,3,1,1,2,3,3,3,4,3,3,2,4,1,4,3,3,4,3,2,"8"
"ICC19147",0,3,3,0,4,4,2,3,4,3,1,1,2,3,3,3,4,3,3,2,4,1,4,3,3,4,3,2,"5"
"ICC19147",0,3,3,0,4,4,2,3,4,3,1,1,2,3,3,3,4,3,3,2,4,1,4,3,3,4,3,2,"6"
"ICC19147",0,3,3,0,4,4,2,3,4,3,1,1,2,3,3,3,4,3,3,2,4,1,4,3,3,4,3,2,"8"
"ICC19147",0,3,3,0,4,4,2,3,4,3,1,1,2,3,3,3,4,3,3,2,4,1,4,3,3,4,3,2,"10"
"ICC19164",0,3,3,0,2,4,2,3,4,3,1,1,2,3,3,3,4,3,3,2,4,1,4,3,3,4,3,2,"9"
"ICC19164",0,3,3,0,2,4,2,3,4,3,1,1,2,3,3,3,4,3,3,2,4,1,4,3,3,4,3,2,"17"
"ICC19164",0,3,3,0,2,4,2,3,4,3,1,1,2,3,3,3,4,3,3,2,4,1,4,3,3,4,3,2,"18"
"ICC19164",0,3,3,0,2,4,2,3,4,3,1,1,2,3,3,3,4,3,3,2,4,1,4,3,3,4,3,2,"21"
"ICC19226",4,3,3,0,2,4,2,3,4,3,1,1,2,3,3,3,4,3,3,2,4,1,4,3,3,4,3,2,"9"
"ICC19226",4,3,3,0,2,4,2,3,4,3,1,1,2,3,3,3,4,3,3,2,4,1,4,3,3,4,3,2,"21"
"ICC1923",4,3,3,4,4,4,2,3,4,3,1,1,2,3,3,3,4,3,3,2,4,1,4,3,3,4,3,2,"5"
"ICC20190",4,3,1,2,4,2,2,3,4,2,1,1,2,1,3,1,4,3,3,2,2,2,2,3,1,4,3,2,"15"
"ICC20195",2,3,3,4,4,2,2,3,4,2,1,1,2,1,3,1,4,3,3,2,2,2,4,3,3,4,3,2,"16"
"ICC20261",0,3,3,2,4,4,2,3,4,3,1,1,2,3,3,3,4,3,3,2,4,1,4,3,3,4,3,2,"6"
"ICC20261",0,3,3,2,4,4,2,3,4,3,1,1,2,3,3,3,4,3,3,2,4,1,4,3,3,4,3,2,"10"
"ICC20265",4,3,0,4,4,4,2,3,4,3,1,1,0,3,3,3,4,3,3,2,4,1,4,3,3,4,3,2,"3"
"ICC20265",4,3,0,4,4,4,2,3,4,3,1,1,0,3,3,3,4,3,3,2,4,1,4,3,3,4,3,2,"5"
"ICC20265",4,3,0,4,4,4,2,3,4,3,1,1,0,3,3,3,4,3,3,2,4,1,4,3,3,4,3,2,"25"
"ICC2065",2,3,3,4,2,4,2,3,4,3,1,1,2,3,3,3,4,3,3,2,4,1,4,3,3,4,3,2,"17"
"ICC2072",2,3,3,4,2,4,2,3,4,3,1,1,2,3,3,3,4,3,3,2,4,1,4,3,3,4,3,2,"17"
"ICC2242",4,3,3,0,4,4,2,3,4,3,1,1,2,3,3,3,4,3,3,2,4,1,4,3,3,4,3,2,"5"
"ICC2242",4,3,3,0,4,4,2,3,4,3,1,1,2,3,3,3,4,3,3,2,4,1,4,3,3,4,3,2,"10"
"ICC2263",4,3,3,0,0,4,2,3,4,3,1,1,2,3,3,3,4,3,3,2,4,1,4,3,3,4,3,2,"5"
"ICC2263",4,3,3,0,0,4,2,3,4,3,1,1,2,3,3,3,4,3,3,2,4,1,4,3,3,4,3,2,"9"
"ICC2263",4,3,3,0,0,4,2,3,4,3,1,1,2,3,3,3,4,3,3,2,4,1,4,3,3,4,3,2,"10"
"ICC2263",4,3,3,0,0,4,2,3,4,3,1,1,2,3,3,3,4,3,3,2,4,1,4,3,3,4,3,2,"21"
"ICC2277",0,3,3,4,2,4,2,3,4,3,1,1,2,3,3,3,4,3,3,2,4,1,4,3,3,4,3,2,"9"
"ICC2277",0,3,3,4,2,4,2,3,4,3,1,1,2,3,3,3,4,3,3,2,4,1,4,3,3,4,3,2,"17"
"ICC2507",0,3,3,2,4,4,0,3,4,3,1,1,2,3,0,3,4,3,3,0,0,0,4,3,3,4,3,2,"6"
"ICC2507",0,3,3,2,4,4,0,3,4,3,1,1,2,3,0,3,4,3,3,0,0,0,4,3,3,4,3,2,"10"
"ICC2593",4,3,3,2,4,4,2,3,4,3,1,1,2,3,3,3,4,3,3,2,4,1,4,3,3,4,3,2,"10"
"ICC2629",4,3,3,0,4,4,2,3,4,3,1,1,2,3,3,3,4,3,3,2,4,1,4,3,3,4,3,2,"5"
"ICC2629",4,3,3,0,4,4,2,3,4,3,1,1,2,3,3,3,4,3,3,2,4,1,4,3,3,4,3,2,"10"
"ICC2720",4,3,3,2,4,4,2,3,4,3,1,1,2,3,3,3,4,3,3,2,4,1,4,3,3,4,3,2,"10"
"ICC2737",0,3,3,2,4,4,2,3,4,3,1,1,2,3,3,3,4,3,3,2,4,1,4,3,3,4,3,2,"6"
"ICC2737",0,3,3,2,4,4,2,3,4,3,1,1,2,3,3,3,4,3,3,2,4,1,4,3,3,4,3,2,"10"
"ICC283",0,3,3,4,4,4,2,3,4,3,1,1,2,3,3,3,4,3,3,2,4,1,4,3,3,4,3,2,"5"
"ICC283",0,3,3,4,4,4,2,3,4,3,1,1,2,3,3,3,4,3,3,2,4,1,4,3,3,4,3,2,"8"
"ICC2884",4,3,3,4,4,4,2,3,4,3,1,1,2,3,0,3,4,3,3,0,0,0,4,3,3,4,3,2,"5"
"ICC2919",2,3,3,2,2,4,2,3,4,3,1,1,0,3,3,3,4,3,3,2,4,1,4,3,3,4,3,2,"18"
"ICC2969",2,3,3,0,2,4,2,3,4,3,1,1,2,3,3,3,4,3,3,2,4,1,4,3,3,4,3,2,"17"
"ICC2969",2,3,3,0,2,4,2,3,4,3,1,1,2,3,3,3,4,3,3,2,4,1,4,3,3,4,3,2,"18"
"ICC2990",0,3,3,2,4,4,2,3,4,3,1,1,2,3,0,3,4,3,3,0,0,0,4,3,3,4,3,2,"6"
"ICC2990",0,3,3,2,4,4,2,3,4,3,1,1,2,3,0,3,4,3,3,0,0,0,4,3,3,4,3,2,"10"
"ICC3218",4,3,3,4,4,4,2,3,4,3,1,1,2,3,0,3,4,3,3,0,0,0,4,3,3,4,3,2,"5"
"ICC3239",2,3,3,2,4,4,2,3,4,3,1,1,2,3,0,3,4,3,3,0,4,1,4,3,3,4,3,2,"6"
"ICC3362",0,3,3,4,0,4,2,3,4,3,1,1,2,3,3,3,4,3,3,2,4,1,4,3,3,4,3,2,"5"
"ICC3362",0,3,3,4,0,4,2,3,4,3,1,1,2,3,3,3,4,3,3,2,4,1,4,3,3,4,3,2,"8"
"ICC3362",0,3,3,4,0,4,2,3,4,3,1,1,2,3,3,3,4,3,3,2,4,1,4,3,3,4,3,2,"9"
"ICC3362",0,3,3,4,0,4,2,3,4,3,1,1,2,3,3,3,4,3,3,2,4,1,4,3,3,4,3,2,"17"
"ICC3391",4,3,3,4,4,4,2,3,4,3,1,1,2,3,3,3,4,3,3,2,4,1,4,3,3,4,3,2,"5"
"ICC3410",2,3,3,4,4,4,2,3,4,3,1,1,2,3,3,3,4,3,3,2,4,1,4,3,3,4,3,2,"8"
"ICC3512",2,3,3,4,4,4,2,3,4,3,1,1,2,3,3,3,4,3,3,2,4,1,4,3,3,4,3,2,"8"
"ICC3582",2,3,3,2,2,4,2,3,4,3,1,1,2,3,3,3,4,3,3,2,4,1,4,3,3,4,3,2,"18"
"ICC3631",0,3,3,2,2,4,2,3,4,3,1,1,2,3,3,3,4,3,3,2,4,1,4,3,3,4,3,2,"18"
"ICC3631",0,3,3,2,2,4,2,3,4,3,1,1,2,3,3,3,4,3,3,2,4,1,4,3,3,4,3,2,"21"
"ICC3761",0,3,3,2,2,4,2,3,4,3,1,1,2,3,0,3,4,3,3,0,0,0,4,3,3,4,3,2,"18"
"ICC3761",0,3,3,2,2,4,2,3,4,3,1,1,2,3,0,3,4,3,3,0,0,0,4,3,3,4,3,2,"21"
"ICC3776",4,3,3,4,4,4,2,3,4,3,1,1,2,3,0,3,4,3,3,0,0,0,4,3,3,4,3,2,"5"
"ICC3892",0,3,3,2,2,4,2,3,4,3,1,1,2,3,3,3,4,3,0,2,4,1,4,3,3,4,3,2,"18"
"ICC3892",0,3,3,2,2,4,2,3,4,3,1,1,2,3,3,3,4,3,0,2,4,1,4,3,3,4,3,2,"21"
"ICC3946",0,3,3,4,4,4,2,3,4,3,1,1,2,3,3,3,4,3,3,2,4,1,4,3,3,4,3,2,"5"
"ICC3946",0,3,3,4,4,4,2,3,4,3,1,1,2,3,3,3,4,3,3,2,4,1,4,3,3,4,3,2,"8"
"ICC4363",2,3,3,4,4,4,2,3,4,3,1,1,2,3,0,3,4,3,3,0,0,1,4,3,3,4,3,2,"8"
"ICC4463",2,3,0,4,4,0,2,3,4,3,1,1,2,3,0,3,4,3,3,2,4,1,4,3,3,4,0,2,"8"
"ICC4463",2,3,0,4,4,0,2,3,4,3,1,1,2,3,0,3,4,3,3,2,4,1,4,3,3,4,0,2,"11"
"ICC4533",2,3,3,2,2,4,2,3,4,0,1,0,2,3,3,3,4,3,0,2,0,0,0,0,0,0,0,0,"18"
"ICC4567",0,3,3,2,4,4,2,3,4,3,1,1,2,3,3,3,4,3,3,2,4,1,4,3,3,4,3,2,"6"
"ICC4567",0,3,3,2,4,4,2,3,4,3,1,1,2,3,3,3,4,3,3,2,4,1,4,3,3,4,3,2,"10"
"ICC4593",0,3,3,4,4,4,2,3,4,3,1,1,2,3,3,3,4,3,0,2,4,1,4,3,3,4,3,2,"5"
"ICC4593",0,3,3,4,4,4,2,3,4,3,1,1,2,3,3,3,4,3,0,2,4,1,4,3,3,4,3,2,"8"
"ICC4657",4,3,0,4,4,4,2,3,4,3,1,1,0,3,3,3,4,3,3,2,4,1,4,3,3,4,3,2,"3"
"ICC4657",4,3,0,4,4,4,2,3,4,3,1,1,0,3,3,3,4,3,3,2,4,1,4,3,3,4,3,2,"5"
"ICC4657",4,3,0,4,4,4,2,3,4,3,1,1,0,3,3,3,4,3,3,2,4,1,4,3,3,4,3,2,"25"
"ICC4814",4,3,3,0,4,4,2,3,4,3,1,1,0,3,0,3,4,3,3,0,4,1,4,3,3,4,3,2,"3"
"ICC4814",4,3,3,0,4,4,2,3,4,3,1,1,0,3,0,3,4,3,3,0,4,1,4,3,3,4,3,2,"5"
"ICC4814",4,3,3,0,4,4,2,3,4,3,1,1,0,3,0,3,4,3,3,0,4,1,4,3,3,4,3,2,"10"
"ICC4918",2,3,1,2,4,4,2,3,4,3,1,1,2,3,3,3,4,3,3,2,4,1,4,3,3,4,3,2,"19"
"ICC4991",0,3,3,0,4,4,2,3,4,3,1,1,2,3,3,3,4,3,3,2,4,1,4,3,3,4,3,2,"5"
"ICC4991",0,3,3,0,4,4,2,3,4,3,1,1,2,3,3,3,4,3,3,2,4,1,4,3,3,4,3,2,"6"
"ICC4991",0,3,3,0,4,4,2,3,4,3,1,1,2,3,3,3,4,3,3,2,4,1,4,3,3,4,3,2,"8"
"ICC4991",0,3,3,0,4,4,2,3,4,3,1,1,2,3,3,3,4,3,3,2,4,1,4,3,3,4,3,2,"10"
"ICC506",0,3,3,4,4,4,2,3,4,3,1,1,2,3,3,3,4,3,3,2,4,1,4,3,3,4,3,2,"5"
"ICC506",0,3,3,4,4,4,2,3,4,3,1,1,2,3,3,3,4,3,3,2,4,1,4,3,3,4,3,2,"8"
"ICC5135",4,3,3,0,4,4,2,3,4,3,1,1,2,3,3,3,4,3,3,2,4,1,4,3,3,4,3,2,"5"
"ICC5135",4,3,3,0,4,4,2,3,4,3,1,1,2,3,3,3,4,3,3,2,4,1,4,3,3,4,3,2,"10"
"ICC5221",4,3,1,0,4,4,2,3,4,3,1,1,0,3,3,3,4,3,3,2,4,1,4,3,0,4,3,2,"12"
"ICC5221",4,3,1,0,4,4,2,3,4,3,1,1,0,3,3,3,4,3,3,2,4,1,4,3,0,4,3,2,"20"
"ICC5221",4,3,1,0,4,4,2,3,4,3,1,1,0,3,3,3,4,3,3,2,4,1,4,3,0,4,3,2,"25"
"ICC5337",0,3,3,2,2,4,2,3,4,3,1,1,2,3,3,3,4,3,3,2,4,1,4,3,3,4,3,2,"18"
"ICC5337",0,3,3,2,2,4,2,3,4,3,1,1,2,3,3,3,4,3,3,2,4,1,4,3,3,4,3,2,"21"
"ICC5383",2,3,3,2,4,4,2,3,4,3,1,1,2,3,3,3,4,3,3,2,4,1,4,3,3,4,3,2,"6"
"ICC5434",4,3,3,2,4,4,2,3,4,3,1,1,2,3,3,3,4,3,3,2,4,1,4,3,3,4,3,2,"10"
"ICC5504",0,3,3,2,2,4,2,3,4,3,1,1,2,3,3,3,4,3,3,2,4,1,4,3,0,4,3,2,"18"
"ICC5504",0,3,3,2,2,4,2,3,4,3,1,1,2,3,3,3,4,3,3,2,4,1,4,3,0,4,3,2,"21"
"ICC5613",0,3,3,4,4,4,2,3,4,3,1,1,2,3,3,3,4,3,3,2,4,1,4,3,3,4,3,2,"5"
"ICC5613",0,3,3,4,4,4,2,3,4,3,1,1,2,3,3,3,4,3,3,2,4,1,4,3,3,4,3,2,"8"
"ICC5639",2,3,3,2,4,4,2,3,4,3,1,1,2,3,3,3,4,3,3,2,4,1,4,3,3,4,3,2,"6"
"ICC5845",4,3,3,4,4,4,2,3,4,3,1,1,2,3,0,0,4,3,3,2,4,1,4,3,3,4,3,2,"5"
"ICC5878",0,3,3,4,4,4,2,3,4,3,1,1,2,3,3,3,4,3,3,2,4,1,4,3,3,4,3,2,"5"
"ICC5878",0,3,3,4,4,4,2,3,4,3,1,1,2,3,3,3,4,3,3,2,4,1,4,3,3,4,3,2,"8"
"ICC6263",4,3,3,2,4,4,2,3,4,3,1,1,0,3,3,3,4,3,3,2,4,1,4,3,3,4,0,2,"10"
"ICC6279",0,3,3,4,4,4,2,3,4,3,1,1,2,3,3,3,4,3,3,2,4,1,4,3,3,4,3,2,"5"
"ICC6279",0,3,3,4,4,4,2,3,4,3,1,1,2,3,3,3,4,3,3,2,4,1,4,3,3,4,3,2,"8"
"ICC6293",2,3,3,4,4,4,2,3,4,3,1,1,2,3,0,3,4,3,3,0,0,0,4,3,3,4,3,2,"8"
"ICC6306",0,3,3,2,4,4,2,3,4,3,1,1,2,3,3,3,4,3,3,2,4,1,4,3,3,4,3,2,"6"
"ICC6306",0,3,3,2,4,4,2,3,4,3,1,1,2,3,3,3,4,3,3,2,4,1,4,3,3,4,3,2,"10"
"ICC637",2,3,3,4,4,4,2,3,4,3,1,1,2,3,3,3,4,0,3,2,4,1,4,3,0,4,3,2,"8"
"ICC6537",0,3,3,2,4,4,2,3,4,3,1,1,2,3,3,3,4,3,3,2,4,1,4,3,3,4,3,2,"6"
"ICC6537",0,3,3,2,4,4,2,3,4,3,1,1,2,3,3,3,4,3,3,2,4,1,4,3,3,4,3,2,"10"
"ICC6571",4,3,3,0,4,4,2,3,4,3,1,1,2,3,3,3,4,3,3,2,4,1,4,3,3,4,3,2,"5"
"ICC6571",4,3,3,0,4,4,2,3,4,3,1,1,2,3,3,3,4,3,3,2,4,1,4,3,3,4,3,2,"10"
"ICC6579",0,3,3,0,4,4,2,3,4,3,1,1,2,3,3,3,4,3,3,2,4,1,4,3,3,4,3,2,"5"
"ICC6579",0,3,3,0,4,4,2,3,4,3,1,1,2,3,3,3,4,3,3,2,4,1,4,3,3,4,3,2,"6"
"ICC6579",0,3,3,0,4,4,2,3,4,3,1,1,2,3,3,3,4,3,3,2,4,1,4,3,3,4,3,2,"8"
"ICC6579",0,3,3,0,4,4,2,3,4,3,1,1,2,3,3,3,4,3,3,2,4,1,4,3,3,4,3,2,"10"
"ICC67",2,3,3,0,2,4,2,3,4,3,1,1,2,3,3,3,4,3,3,2,4,1,4,3,3,4,3,2,"17"
"ICC67",2,3,3,0,2,4,2,3,4,3,1,1,2,3,3,3,4,3,3,2,4,1,4,3,3,4,3,2,"18"
"ICC6816",2,3,3,0,4,4,2,3,4,3,1,1,2,3,3,3,4,3,3,2,4,1,4,3,3,4,3,2,"6"
"ICC6816",2,3,3,0,4,4,2,3,4,3,1,1,2,3,3,3,4,3,3,2,4,1,4,3,3,4,3,2,"8"
"ICC6874",4,3,1,2,4,4,2,3,4,3,1,1,2,3,3,3,4,3,3,2,4,1,4,3,3,4,3,2,"20"
"ICC6875",2,3,3,4,4,4,2,3,4,3,1,1,2,3,3,3,4,3,3,2,4,1,4,3,3,4,3,2,"8"
"ICC6877",4,3,3,4,0,4,2,3,4,3,1,1,2,3,3,3,4,3,3,2,4,1,4,3,3,4,3,2,"5"
"ICC6877",4,3,3,4,0,4,2,3,4,3,1,1,2,3,3,3,4,3,3,2,4,1,4,3,3,4,3,2,"9"
"ICC7052",4,3,3,2,4,4,2,3,4,3,1,1,2,3,3,3,4,3,3,2,4,1,4,3,3,4,3,2,"10"
"ICC708",0,3,3,0,0,4,2,3,4,3,1,1,2,3,3,3,4,3,3,2,4,1,4,3,3,4,3,2,"5"
"ICC708",0,3,3,0,0,4,2,3,4,3,1,1,2,3,3,3,4,3,3,2,4,1,4,3,3,4,3,2,"6"
"ICC708",0,3,3,0,0,4,2,3,4,3,1,1,2,3,3,3,4,3,3,2,4,1,4,3,3,4,3,2,"8"
"ICC708",0,3,3,0,0,4,2,3,4,3,1,1,2,3,3,3,4,3,3,2,4,1,4,3,3,4,3,2,"9"
"ICC708",0,3,3,0,0,4,2,3,4,3,1,1,2,3,3,3,4,3,3,2,4,1,4,3,3,4,3,2,"10"
"ICC708",0,3,3,0,0,4,2,3,4,3,1,1,2,3,3,3,4,3,3,2,4,1,4,3,3,4,3,2,"17"
"ICC708",0,3,3,0,0,4,2,3,4,3,1,1,2,3,3,3,4,3,3,2,4,1,4,3,3,4,3,2,"18"
"ICC708",0,3,3,0,0,4,2,3,4,3,1,1,2,3,3,3,4,3,3,2,4,1,4,3,3,4,3,2,"21"
"ICC7305",2,3,3,2,2,4,2,3,4,3,1,1,2,3,0,3,4,3,3,0,0,0,4,3,3,4,3,2,"18"
"ICC7308",0,3,3,4,4,0,2,3,4,3,1,1,2,3,3,3,4,3,3,2,4,1,4,3,3,4,3,2,"5"
"ICC7308",0,3,3,4,4,0,2,3,4,3,1,1,2,3,3,3,4,3,3,2,4,1,4,3,3,4,3,2,"8"
"ICC7308",0,3,3,4,4,0,2,3,4,3,1,1,2,3,3,3,4,3,3,2,4,1,4,3,3,4,3,2,"11"
"ICC7308",0,3,3,4,4,0,2,3,4,3,1,1,2,3,3,3,4,3,3,2,4,1,4,3,3,4,3,2,"13"
"ICC7323",0,3,3,2,4,4,2,3,4,3,1,1,2,3,3,3,4,3,3,2,4,1,4,3,3,4,3,2,"6"
"ICC7323",0,3,3,2,4,4,2,3,4,3,1,1,2,3,3,3,4,3,3,2,4,1,4,3,3,4,3,2,"10"
"ICC7326",4,3,3,2,2,4,2,3,4,3,1,1,2,3,3,3,4,3,3,2,4,1,4,3,3,4,3,2,"21"
"ICC7441",4,3,3,2,4,4,2,3,4,3,1,1,2,3,3,3,4,3,3,2,4,1,4,3,3,4,3,2,"10"
"ICC7554",0,3,3,4,0,4,2,3,4,3,1,1,2,3,0,3,4,3,3,0,0,0,4,3,3,4,3,2,"5"
"ICC7554",0,3,3,4,0,4,2,3,4,3,1,1,2,3,0,3,4,3,3,0,0,0,4,3,3,4,3,2,"8"
"ICC7554",0,3,3,4,0,4,2,3,4,3,1,1,2,3,0,3,4,3,3,0,0,0,4,3,3,4,3,2,"9"
"ICC7554",0,3,3,4,0,4,2,3,4,3,1,1,2,3,0,3,4,3,3,0,0,0,4,3,3,4,3,2,"17"
"ICC762",2,3,3,2,0,4,2,3,4,3,1,1,2,3,3,3,4,3,3,2,4,1,4,3,3,4,3,2,"6"
"ICC762",2,3,3,2,0,4,2,3,4,3,1,1,2,3,3,3,4,3,3,2,4,1,4,3,3,4,3,2,"18"
"ICC7819",4,3,3,2,0,4,2,3,4,3,1,1,2,3,0,3,4,3,3,0,0,0,4,3,3,4,3,2,"10"
"ICC7819",4,3,3,2,0,4,2,3,4,3,1,1,2,3,0,3,4,3,3,0,0,0,4,3,3,4,3,2,"21"
"ICC7867",2,3,3,2,4,4,2,3,4,3,1,1,2,3,3,3,4,3,3,2,4,1,4,3,3,4,3,2,"6"
"ICC791",2,3,3,2,4,4,2,3,4,3,1,1,4,3,3,3,4,3,3,2,4,1,4,3,3,4,3,2,"22"
"ICC8195",0,3,3,0,4,4,2,3,4,3,1,1,2,3,3,3,4,3,3,2,4,1,4,3,3,4,3,2,"5"
"ICC8195",0,3,3,0,4,4,2,3,4,3,1,1,2,3,3,3,4,3,3,2,4,1,4,3,3,4,3,2,"6"
"ICC8195",0,3,3,0,4,4,2,3,4,3,1,1,2,3,3,3,4,3,3,2,4,1,4,3,3,4,3,2,"8"
"ICC8195",0,3,3,0,4,4,2,3,4,3,1,1,2,3,3,3,4,3,3,2,4,1,4,3,3,4,3,2,"10"
"ICC8200",2,3,3,4,4,4,2,3,4,3,1,1,2,3,3,3,4,3,3,2,4,1,4,3,3,4,3,2,"8"
"ICC8318",0,3,3,0,4,4,2,3,4,3,1,1,2,3,3,3,4,3,3,2,4,1,4,3,3,4,3,2,"5"
"ICC8318",0,3,3,0,4,4,2,3,4,3,1,1,2,3,3,3,4,3,3,2,4,1,4,3,3,4,3,2,"6"
"ICC8318",0,3,3,0,4,4,2,3,4,3,1,1,2,3,3,3,4,3,3,2,4,1,4,3,3,4,3,2,"8"
"ICC8318",0,3,3,0,4,4,2,3,4,3,1,1,2,3,3,3,4,3,3,2,4,1,4,3,3,4,3,2,"10"
"ICC8384",2,3,3,4,4,4,2,3,4,3,1,1,2,3,3,3,4,3,3,2,4,1,4,3,3,4,3,2,"8"
"ICC8621",4,3,3,0,4,0,2,3,4,3,1,1,2,3,3,3,4,3,3,2,4,1,4,3,3,4,3,2,"5"
"ICC8621",4,3,3,0,4,0,2,3,4,3,1,1,2,3,3,3,4,3,3,2,4,1,4,3,3,4,3,2,"10"
"ICC8621",4,3,3,0,4,0,2,3,4,3,1,1,2,3,3,3,4,3,3,2,4,1,4,3,3,4,3,2,"13"
"ICC867",0,3,3,4,4,4,2,3,4,3,1,1,2,3,3,3,4,3,3,2,4,1,4,3,3,4,3,2,"5"
"ICC867",0,3,3,4,4,4,2,3,4,3,1,1,2,3,3,3,4,3,3,2,4,1,4,3,3,4,3,2,"8"
"ICC8718",4,3,3,4,4,4,2,3,4,3,1,1,0,3,0,3,4,3,3,0,0,0,4,3,3,4,3,2,"3"
"ICC8718",4,3,3,4,4,4,2,3,4,3,1,1,0,3,0,3,4,3,3,0,0,0,4,3,3,4,3,2,"5"
"ICC8740",2,3,3,0,0,4,2,3,4,3,1,1,2,3,3,3,4,3,3,2,4,1,4,3,3,4,3,2,"6"
"ICC8740",2,3,3,0,0,4,2,3,4,3,1,1,2,3,3,3,4,3,3,2,4,1,4,3,3,4,3,2,"8"
"ICC8740",2,3,3,0,0,4,2,3,4,3,1,1,2,3,3,3,4,3,3,2,4,1,4,3,3,4,3,2,"17"
"ICC8740",2,3,3,0,0,4,2,3,4,3,1,1,2,3,3,3,4,3,3,2,4,1,4,3,3,4,3,2,"18"
"ICC8752",4,3,3,2,4,4,2,3,4,3,1,1,2,3,3,3,4,3,3,2,4,1,4,3,3,4,3,2,"10"
"ICC8855",2,3,3,4,4,4,2,3,4,3,1,1,2,3,3,3,4,3,3,2,4,1,4,3,3,4,3,2,"8"
"ICC8950",0,3,3,2,0,4,2,3,4,3,1,1,0,3,3,3,4,3,3,2,4,1,4,3,3,4,3,2,"6"
"ICC8950",0,3,3,2,0,4,2,3,4,3,1,1,0,3,3,3,4,3,3,2,4,1,4,3,3,4,3,2,"10"
"ICC8950",0,3,3,2,0,4,2,3,4,3,1,1,0,3,3,3,4,3,3,2,4,1,4,3,3,4,3,2,"18"
"ICC8950",0,3,3,2,0,4,2,3,4,3,1,1,0,3,3,3,4,3,3,2,4,1,4,3,3,4,3,2,"21"
"ICC8950",0,3,3,2,0,4,2,3,4,3,1,1,0,3,3,3,4,3,3,2,4,1,4,3,3,4,3,2,"22"
"ICC9002",4,3,3,2,4,4,2,3,4,3,1,1,2,3,3,3,4,3,3,2,4,1,4,3,3,4,3,2,"10"
"ICC9418",4,3,3,2,4,4,2,3,4,3,1,1,2,3,3,3,4,3,3,2,4,1,4,3,3,4,3,2,"10"
"ICC9434",2,3,3,4,4,4,2,3,4,3,1,1,2,3,3,3,4,3,3,2,4,1,4,3,3,4,3,2,"8"
"ICC95",0,3,3,4,4,4,2,3,4,3,1,1,2,3,3,3,4,3,3,2,4,1,4,3,3,4,3,2,"5"
"ICC95",0,3,3,4,4,4,2,3,4,3,1,1,2,3,3,3,4,3,3,2,4,1,4,3,3,4,3,2,"8"
"ICC9712",0,3,3,4,2,4,2,3,4,3,1,1,2,3,3,3,4,3,3,0,0,0,4,3,3,4,3,2,"9"
"ICC9712",0,3,3,4,2,4,2,3,4,3,1,1,2,3,3,3,4,3,3,0,0,0,4,3,3,4,3,2,"17"
"ICC9755",4,3,3,2,4,4,2,3,4,3,1,1,2,3,3,3,4,3,3,2,4,1,4,3,3,4,3,2,"10"
"ICC9848",4,3,3,4,4,4,2,3,4,3,1,1,2,3,0,3,4,3,3,0,4,1,4,3,3,4,3,2,"5"
"ICC9862",4,3,3,2,2,4,2,3,4,3,1,1,2,3,3,3,4,3,3,2,4,1,4,3,3,4,3,2,"21"
"ICC9942",0,3,0,4,2,4,2,3,4,3,1,1,2,3,3,3,4,3,3,2,4,1,4,3,3,4,3,2,"9"
"ICC9942",0,3,0,4,2,4,2,3,4,3,1,1,2,3,3,3,4,3,3,2,4,1,4,3,3,4,3,2,"17"
"ICC9942",0,3,0,4,2,4,2,3,4,3,1,1,2,3,3,3,4,3,3,2,4,1,4,3,3,4,3,2,"23"
"ICCL81248",4,3,3,0,4,2,2,0,4,3,1,1,2,3,3,3,4,3,3,0,4,1,4,3,3,4,3,2,"13"
"ICCL82108",0,3,3,4,4,4,2,3,4,3,1,1,2,3,3,3,4,3,3,2,4,1,4,3,3,4,3,2,"5"
"ICCL82108",0,3,3,4,4,4,2,3,4,3,1,1,2,3,3,3,4,3,3,2,4,1,4,3,3,4,3,2,"8"
"ICCL83105",4,3,3,4,4,4,2,3,4,3,1,1,2,3,3,3,4,3,3,2,4,1,4,3,3,4,3,2,"5"
"ICCL83110",2,3,3,4,4,4,2,3,4,3,1,1,2,3,3,0,4,3,3,2,4,1,4,3,3,4,3,2,"8"
"ICCL83149",2,3,3,4,4,4,2,3,4,3,1,1,2,3,3,3,4,3,3,2,4,1,4,3,3,4,3,2,"8"
"ICCL85222",4,3,3,2,0,4,2,3,4,3,1,1,2,3,3,3,4,3,3,2,4,1,4,3,3,4,3,2,"10"
"ICCL85222",4,3,3,2,0,4,2,3,4,3,1,1,2,3,3,3,4,3,3,2,4,1,4,3,3,4,3,2,"21"
"ICCL87207",4,3,3,4,4,4,2,3,4,3,1,1,2,3,3,3,4,3,3,2,4,1,4,3,3,4,3,2,"5"
"ICCV00305",4,3,3,4,4,4,2,3,4,3,1,1,2,3,3,3,4,3,3,2,4,1,4,3,3,4,3,2,"5"
"ICCV03107",4,3,3,4,4,4,2,3,4,3,1,1,2,3,3,3,4,3,3,2,4,1,4,3,3,4,3,2,"5"
"ICCV3",0,3,3,2,4,4,2,3,4,3,1,1,2,3,3,3,4,3,3,2,4,1,4,3,3,4,3,2,"6"
"ICCV3",0,3,3,2,4,4,2,3,4,3,1,1,2,3,3,3,4,3,3,2,4,1,4,3,3,4,3,2,"10"
"ICCV88202",4,3,3,4,4,4,2,3,4,3,1,1,2,3,3,3,4,3,3,2,4,1,4,3,3,4,3,2,"5"
"ICCV88516",4,3,3,4,4,4,2,3,4,3,1,1,2,3,3,3,4,3,3,2,4,1,4,3,3,4,3,2,"5"
"ICCV89314",4,3,1,4,2,4,2,3,4,3,1,1,2,3,3,3,4,3,3,2,4,1,4,3,3,4,3,2,"23"
"ICCV90201",2,3,3,4,4,4,2,3,4,3,1,1,2,3,3,3,4,3,3,2,4,1,4,3,3,4,3,2,"8"
"ICCV92069",4,3,3,4,4,4,2,3,4,3,1,1,0,3,3,3,4,3,3,2,4,1,4,3,3,4,3,2,"3"
"ICCV92069",4,3,3,4,4,4,2,3,4,3,1,1,0,3,3,3,4,3,3,2,4,1,4,3,3,4,3,2,"5"
"ICCV92809",4,3,3,4,4,4,2,3,4,3,1,1,2,3,3,3,4,3,3,2,4,1,4,3,3,4,3,2,"5"
"ICCV93512",4,3,3,4,4,4,2,3,4,3,1,1,2,3,3,3,4,3,3,2,4,1,4,3,3,4,3,2,"5"
"ICCV93954",4,3,3,4,4,4,2,3,4,3,1,1,2,3,3,3,4,3,3,2,4,1,4,3,3,4,3,2,"5"
"ICCV93958",0,3,3,4,4,4,2,3,4,0,1,1,2,3,3,3,4,3,3,2,4,1,4,3,3,4,3,2,"5"
"ICCV93958",0,3,3,4,4,4,2,3,4,0,1,1,2,3,3,3,4,3,3,2,4,1,4,3,3,4,3,2,"8"
"ICCV97105",4,3,3,4,4,4,2,3,4,3,1,1,2,3,3,3,4,3,3,2,4,1,4,3,3,4,3,2,"5"
"IPCK02",4,3,3,2,4,4,2,3,4,3,1,1,2,3,0,3,4,3,3,0,0,0,4,3,3,4,3,2,"10"
"JG218",4,3,3,4,4,4,2,3,4,3,1,1,0,3,3,3,4,3,3,2,4,1,4,3,3,4,3,2,"3"
"JG218",4,3,3,4,4,4,2,3,4,3,1,1,0,3,3,3,4,3,3,2,4,1,4,3,3,4,3,2,"5"
"JG315",4,3,3,0,4,4,2,3,4,3,1,1,2,3,3,3,4,3,3,2,4,1,4,3,3,4,3,2,"5"
"JG315",4,3,3,0,4,4,2,3,4,3,1,1,2,3,3,3,4,3,3,2,4,1,4,3,3,4,3,2,"10"
"JG62",4,3,3,4,4,4,2,3,4,3,1,1,2,3,3,3,4,3,3,2,4,1,4,3,3,4,3,2,"5"
"KPG59",0,3,3,4,0,4,2,3,4,3,1,1,4,3,3,3,4,3,3,2,4,1,4,3,3,4,3,2,"3"
"KPG59",0,3,3,4,0,4,2,3,4,3,1,1,4,3,3,3,4,3,3,2,4,1,4,3,3,4,3,2,"7"
"KWR108",2,3,3,4,4,4,2,3,4,3,1,1,2,3,3,3,4,3,3,2,4,1,4,3,3,4,3,2,"8"
"L550",4,3,3,2,2,4,2,3,4,3,1,0,2,3,3,3,4,3,3,2,4,1,4,3,3,4,3,2,"21"
"Pant_G114",4,3,3,4,4,4,2,3,4,3,1,1,2,3,3,3,4,3,3,2,4,1,4,3,1,4,3,2,"24"
"Phule_G12",4,3,3,4,2,4,2,3,4,3,1,1,2,3,3,3,4,3,3,2,4,1,4,3,3,4,3,2,"9"
"PKV_Kabuli_4",4,3,3,2,4,4,2,3,4,3,1,1,2,3,3,3,4,3,3,2,4,1,4,3,3,4,3,2,"10"
"Pusa1103",2,3,3,4,4,4,2,3,4,3,1,1,2,3,3,3,4,3,3,2,4,1,4,3,3,4,3,2,"8"
"Pusa1105",4,3,3,2,0,4,2,3,4,3,1,1,0,3,3,3,4,3,3,2,4,1,4,3,3,4,3,2,"10"
"Pusa1105",4,3,3,2,0,4,2,3,4,3,1,1,0,3,3,3,4,3,3,2,4,1,4,3,3,4,3,2,"21"
"Pusa1108",4,3,3,0,2,4,2,3,4,3,1,1,2,3,3,3,4,3,3,2,4,1,4,3,3,4,3,2,"9"
"Pusa1108",4,3,3,0,2,4,2,3,4,3,1,1,2,3,3,3,4,3,3,2,4,1,4,3,3,4,3,2,"21"
"Pusa240",0,3,3,4,4,4,2,3,4,3,1,1,2,3,3,3,4,3,3,2,4,1,4,3,3,4,3,2,"5"
"Pusa240",0,3,3,4,4,4,2,3,4,3,1,1,2,3,3,3,4,3,3,2,4,1,4,3,3,4,3,2,"8"
"Pusa256",2,3,3,0,2,4,2,3,4,3,1,1,2,3,3,3,4,3,3,2,4,1,4,3,3,4,3,2,"17"
"Pusa256",2,3,3,0,2,4,2,3,4,3,1,1,2,3,3,3,4,3,3,2,4,1,4,3,3,4,3,2,"18"
"Pusa362",4,3,1,2,4,4,2,3,4,3,1,1,2,3,3,3,4,3,3,2,4,1,4,3,3,4,3,2,"20"
"Pusa372",4,3,3,2,2,4,2,3,4,3,1,1,2,3,3,3,4,3,3,2,4,1,4,3,3,4,3,2,"21"
"Pusa391",2,3,3,4,2,4,2,3,4,3,1,1,2,3,3,3,4,3,3,2,4,1,4,3,3,4,3,2,"17"
"Pusa547",2,3,3,2,4,4,2,3,4,3,1,1,2,3,3,3,4,3,3,2,4,1,4,3,3,4,3,2,"6"
"Pusa72",2,3,3,4,2,4,2,3,4,3,1,1,2,3,3,3,4,3,3,2,4,1,4,3,3,4,3,2,"17"
"Radhey",4,3,3,4,4,4,2,3,4,3,1,1,2,3,3,3,4,3,3,2,4,1,4,3,0,4,3,2,"5"
"Radhey",4,3,3,4,4,4,2,3,4,3,1,1,2,3,3,3,4,3,3,2,4,1,4,3,0,4,3,2,"24"
"Rajas",4,3,3,2,4,4,2,3,4,3,1,1,2,3,3,3,4,3,3,2,4,1,4,3,3,4,3,2,"10"
"RAU52",2,3,3,4,4,4,2,3,4,3,1,1,2,3,3,3,4,3,3,2,4,1,4,3,3,4,3,2,"8"
"RSG10",4,3,3,4,2,4,2,3,4,3,1,1,2,3,3,3,4,3,3,2,4,1,4,3,3,4,3,2,"9"
"RSG11",4,3,1,4,4,4,2,3,4,3,1,1,2,3,3,3,4,3,3,2,4,1,4,3,3,4,3,2,"25"
"RSG2",4,3,3,4,4,4,2,3,4,3,1,1,2,3,3,3,4,3,3,2,0,1,4,3,3,4,3,2,"5"
"RSG44",4,3,1,4,4,4,2,3,4,3,1,1,2,3,3,3,4,3,3,2,4,1,4,3,3,4,3,2,"25"
"RSG888",4,3,3,0,0,0,2,3,4,3,1,1,2,3,3,3,4,3,3,2,4,1,4,3,3,4,3,2,"5"
"RSG888",4,3,3,0,0,0,2,3,4,3,1,1,2,3,3,3,4,3,3,2,4,1,4,3,3,4,3,2,"9"
"RSG888",4,3,3,0,0,0,2,3,4,3,1,1,2,3,3,3,4,3,3,2,4,1,4,3,3,4,3,2,"10"
"RSG888",4,3,3,0,0,0,2,3,4,3,1,1,2,3,3,3,4,3,3,2,4,1,4,3,3,4,3,2,"13"
"RSG888",4,3,3,0,0,0,2,3,4,3,1,1,2,3,3,3,4,3,3,2,4,1,4,3,3,4,3,2,"21"
"RSG896",2,3,3,4,4,4,2,3,4,3,1,1,2,3,3,3,4,3,3,2,4,1,4,3,3,4,3,2,"8"
"RSG945",4,3,3,2,4,4,2,3,4,3,1,1,2,3,3,3,4,3,3,2,4,1,4,3,3,4,3,2,"10"
"RSG974",2,3,3,4,4,4,2,3,4,3,1,1,2,3,3,3,4,3,3,2,4,1,4,3,3,4,3,2,"8"
"RSG991",4,3,3,4,4,4,2,3,4,3,1,1,2,3,3,3,4,3,3,2,4,1,4,3,3,4,3,2,"5"
"Sadabahar",4,3,3,4,2,4,2,3,4,3,1,1,2,3,3,3,4,3,3,2,4,1,4,3,3,4,3,2,"9"
"Vaibhav",4,3,3,4,2,4,2,3,4,3,1,1,2,3,3,3,4,3,3,2,4,1,4,3,3,4,3,2,"9"
"Vishwas",4,3,1,0,2,4,2,3,4,3,1,1,2,3,3,3,4,3,3,2,4,1,4,3,3,4,3,2,"23"
"WR315",4,3,3,4,4,4,2,3,4,3,1,1,2,3,3,3,4,3,3,2,4,1,4,3,3,4,3,2,"5"
"Amit",4,0,0,0,2,4,2,3,4,3,1,1,2,3,3,3,4,3,3,2,4,1,4,3,3,4,3,2,"1"
"Amit",4,0,0,0,2,4,2,3,4,3,1,1,2,3,3,3,4,3,3,2,4,1,4,3,3,4,3,2,"9"
"Amit",4,0,0,0,2,4,2,3,4,3,1,1,2,3,3,3,4,3,3,2,4,1,4,3,3,4,3,2,"21"
"Amit",4,0,0,0,2,4,2,3,4,3,1,1,2,3,3,3,4,3,3,2,4,1,4,3,3,4,3,2,"23"
"ICC10393",4,0,0,2,4,4,2,3,4,3,1,1,2,3,3,3,4,3,3,2,4,1,4,3,3,4,3,2,"10"
"ICC10393",4,0,0,2,4,4,2,3,4,3,1,1,2,3,3,3,4,3,3,2,4,1,4,3,3,4,3,2,"20"
"ICC18679",0,0,0,4,4,4,2,3,4,3,1,1,2,3,3,3,4,3,3,2,4,1,4,3,3,4,3,2,"5"
"ICC18679",0,0,0,4,4,4,2,3,4,3,1,1,2,3,3,3,4,3,3,2,4,1,4,3,3,4,3,2,"8"
"ICC18679",0,0,0,4,4,4,2,3,4,3,1,1,2,3,3,3,4,3,3,2,4,1,4,3,3,4,3,2,"25"
"ICC19011",0,0,0,0,4,4,2,3,4,3,1,1,2,3,3,3,4,3,3,2,4,1,4,3,3,4,3,2,"2"
"ICC19011",0,0,0,0,4,4,2,3,4,3,1,1,2,3,3,3,4,3,3,2,4,1,4,3,3,4,3,2,"5"
"ICC19011",0,0,0,0,4,4,2,3,4,3,1,1,2,3,3,3,4,3,3,2,4,1,4,3,3,4,3,2,"6"
"ICC19011",0,0,0,0,4,4,2,3,4,3,1,1,2,3,3,3,4,3,3,2,4,1,4,3,3,4,3,2,"8"
"ICC19011",0,0,0,0,4,4,2,3,4,3,1,1,2,3,3,3,4,3,3,2,4,1,4,3,3,4,3,2,"10"
"ICC19011",0,0,0,0,4,4,2,3,4,3,1,1,2,3,3,3,4,3,3,2,4,1,4,3,3,4,3,2,"19"
"ICC19011",0,0,0,0,4,4,2,3,4,3,1,1,2,3,3,3,4,3,3,2,4,1,4,3,3,4,3,2,"20"
"ICC19011",0,0,0,0,4,4,2,3,4,3,1,1,2,3,3,3,4,3,3,2,4,1,4,3,3,4,3,2,"25"
"ICC1915",0,0,0,2,4,4,2,3,4,3,1,1,2,3,3,3,4,3,3,2,4,1,4,3,3,4,3,2,"2"
"ICC1915",0,0,0,2,4,4,2,3,4,3,1,1,2,3,3,3,4,3,3,2,4,1,4,3,3,4,3,2,"6"
"ICC1915",0,0,0,2,4,4,2,3,4,3,1,1,2,3,3,3,4,3,3,2,4,1,4,3,3,4,3,2,"10"
"ICC1915",0,0,0,2,4,4,2,3,4,3,1,1,2,3,3,3,4,3,3,2,4,1,4,3,3,4,3,2,"19"
"ICC1915",0,0,0,2,4,4,2,3,4,3,1,1,2,3,3,3,4,3,3,2,4,1,4,3,3,4,3,2,"20"
"ICCV96836",4,0,3,2,4,0,2,3,4,3,1,1,0,0,0,0,0,0,0,0,0,1,0,0,0,4,3,2,"10"
"CDCLeader",4,1,0,4,4,2,4,1,2,2,3,4,2,0,0,0,0,0,0,0,2,2,2,4,1,2,2,4,"undetermined"
"ICC14595",2,1,3,2,4,4,2,1,2,2,3,4,0,0,0,0,0,0,0,0,2,0,2,4,1,2,2,4,"undetermined"
"ICC15294",0,1,0,4,0,4,4,1,2,2,3,4,0,0,0,0,0,0,1,1,2,2,2,4,1,2,2,2,"undetermined"
"ICC20193",0,1,3,2,0,2,4,1,2,2,0,1,2,1,2,1,0,0,0,0,0,0,4,3,3,2,3,2,"undetermined"
"ICC20194",2,1,3,2,4,4,4,1,2,2,3,1,2,0,0,0,4,3,3,0,2,2,2,4,3,4,3,2,"undetermined"
"ICC2210",0,1,1,4,4,4,2,3,4,3,1,1,2,3,3,3,4,3,3,2,4,1,4,3,3,4,3,2,"undetermined"
"ICC6802",0,1,3,2,2,4,2,3,4,3,1,1,2,3,3,3,4,3,3,2,4,1,4,3,3,4,3,2,"undetermined"
"ICCV03402",4,1,1,0,0,0,2,3,4,3,1,1,2,3,3,3,4,3,3,2,4,1,4,3,3,4,3,2,"undetermined"
"ICCV10",0,1,1,4,4,4,2,3,4,3,1,1,2,3,3,3,4,3,3,2,4,1,4,3,3,4,3,2,"undetermined"
"ICCV95418",4,1,3,4,4,4,4,1,2,2,3,4,2,0,0,0,0,0,1,1,2,0,2,4,1,2,2,4,"undetermined"
"ICCV96970",2,1,3,4,4,4,2,3,4,3,1,1,0,3,3,3,4,3,3,2,4,1,4,3,3,4,3,2,"undetermined"
"JG6",2,1,1,2,4,4,2,3,4,3,1,1,0,3,3,3,4,3,3,2,4,1,4,3,3,4,3,2,"undetermined"
"Pusa209",2,1,0,0,4,4,2,3,4,3,1,1,4,0,3,3,4,3,3,2,4,1,4,3,3,4,3,2,"undetermined"
"Pusa244",0,1,1,0,4,2,2,3,4,3,1,1,0,3,3,3,4,3,3,2,4,1,4,3,3,4,3,2,"undetermined"
"BL",4,3,3,4,4,4,2,0,0,2,3,0,2,1,0,0,0,0,0,2,2,2,2,4,0,0,0,0,"undetermined"
"Genesis090",4,3,3,4,4,4,4,1,2,2,3,4,0,0,0,0,0,1,1,2,2,2,2,4,1,2,2,4,"undetermined"
"GNG1292",4,3,3,2,2,4,4,1,2,2,3,4,0,0,0,0,0,0,0,2,2,2,2,4,1,2,2,4,"undetermined"
"GNG1499",2,3,3,4,4,4,4,1,2,2,3,4,2,0,0,0,0,0,0,2,2,2,2,4,1,2,2,4,"undetermined"
"GNG1581",4,3,3,4,4,4,2,0,0,2,3,4,0,0,0,0,2,0,1,2,2,0,2,4,1,2,0,0,"undetermined"
"HK1",4,3,3,2,4,4,4,1,2,2,3,4,2,1,0,0,0,0,0,0,0,0,2,4,1,2,2,4,"undetermined"
"HK2",2,3,3,4,4,4,4,1,2,2,3,4,0,0,0,0,0,0,0,2,2,2,2,4,1,2,0,0,"undetermined"
"HK4",4,3,3,2,2,2,4,1,2,2,3,4,2,1,0,0,0,0,0,0,2,0,2,4,1,2,2,4,"undetermined"
"ICC10399",4,3,3,4,0,4,4,1,2,0,0,0,0,3,3,3,4,3,3,2,0,0,4,3,0,4,3,2,"undetermined"
"ICC10755",4,3,3,2,4,4,4,1,2,2,3,4,0,1,0,0,0,0,1,2,2,2,2,4,1,2,0,0,"undetermined"
"ICC10885",4,3,3,4,4,4,4,1,2,2,3,4,4,0,0,0,0,0,1,2,2,2,2,4,1,2,2,4,"undetermined"
"ICC11284",0,3,3,4,0,4,4,1,2,2,3,0,0,0,0,0,2,1,1,0,2,1,2,4,1,2,2,4,"undetermined"
"ICC11378",0,3,3,4,4,4,2,3,4,3,1,1,2,3,3,3,4,3,3,2,4,1,2,4,0,4,3,2,"undetermined"
"ICC11664",0,3,3,4,2,4,2,3,4,3,1,1,2,3,3,3,4,3,3,0,2,1,4,3,3,4,3,2,"undetermined"
"ICC11879",4,3,3,4,4,4,4,1,2,2,3,4,0,0,0,0,0,0,0,2,2,2,2,4,1,2,2,2,"undetermined"
"ICC11903",0,3,3,4,2,4,4,1,2,2,3,4,0,0,0,0,0,0,0,2,2,2,2,4,1,2,0,0,"undetermined"
"ICC12324",4,3,3,4,4,4,4,1,2,2,3,0,0,3,3,3,2,1,1,2,2,0,2,0,1,0,3,2,"undetermined"
"ICC12328",4,3,3,4,4,4,4,1,2,2,3,4,4,0,0,0,0,0,0,0,2,2,2,4,1,2,2,2,"undetermined"
"ICC12379",2,3,3,0,2,4,4,1,2,2,3,4,2,0,0,0,0,0,0,2,2,2,2,4,1,2,2,4,"undetermined"
"ICC12537",2,3,3,4,2,4,4,1,2,2,3,4,2,0,0,0,2,1,1,1,0,1,2,4,1,2,2,4,"undetermined"
"ICC12654",0,3,3,0,4,4,4,1,2,2,3,4,0,0,0,0,0,0,0,2,2,2,2,4,1,2,2,4,"undetermined"
"ICC12726",2,3,3,4,4,4,4,1,2,2,3,4,4,0,0,0,2,1,1,2,2,2,2,4,1,2,2,4,"undetermined"
"ICC12824",4,3,3,4,4,4,4,1,2,2,3,4,2,0,0,0,0,0,0,0,2,0,2,4,1,2,0,2,"undetermined"
"ICC12851",4,3,3,2,2,2,4,1,2,2,3,4,2,0,0,0,0,0,0,2,2,2,2,4,1,2,0,2,"undetermined"
"ICC12866",4,3,3,4,2,4,4,1,2,2,3,4,0,0,0,0,0,0,0,0,2,2,2,4,1,2,2,4,"undetermined"
"ICC12928",4,3,3,4,4,4,4,1,2,2,3,4,0,1,0,0,2,1,1,2,2,2,2,4,1,2,2,4,"undetermined"
"ICC12947",4,3,1,2,0,4,4,1,2,2,3,4,0,1,2,1,2,1,1,0,0,0,2,4,1,2,2,4,"undetermined"
"ICC13124",0,3,3,2,0,4,4,1,2,2,3,4,0,1,0,0,2,1,1,2,2,2,2,4,1,2,2,2,"undetermined"
"ICC13187",2,3,3,2,2,4,4,1,2,2,3,4,4,1,0,0,0,0,0,2,2,2,2,4,1,2,2,4,"undetermined"
"ICC13283",0,3,3,2,2,4,4,1,2,2,3,0,4,0,2,1,4,3,3,2,4,1,2,4,1,2,0,2,"undetermined"
"ICC13523",0,3,3,4,4,4,4,1,2,2,3,4,2,0,0,0,2,1,1,0,2,0,2,4,1,2,2,2,"undetermined"
"ICC13719",4,3,3,2,4,4,4,1,2,2,3,4,2,1,0,0,0,0,0,2,2,2,2,4,1,2,0,0,"undetermined"
"ICC13863",4,3,3,2,4,4,4,1,2,2,3,4,0,0,0,0,0,0,1,1,2,0,2,4,1,2,0,0,"undetermined"
"ICC13892",0,3,3,4,4,4,4,1,2,2,3,0,2,1,0,0,0,0,0,2,2,2,2,4,1,2,2,4,"undetermined"
"ICC14051",0,3,3,4,2,2,4,1,2,0,3,4,2,0,0,0,0,0,0,0,2,0,2,4,1,2,0,2,"undetermined"
"ICC14077",0,3,0,4,2,4,4,1,2,2,3,4,4,0,0,0,2,1,1,2,2,2,2,4,1,2,2,4,"undetermined"
"ICC14199",4,3,3,2,2,4,4,1,2,2,3,4,2,0,0,0,0,0,0,1,2,0,2,4,1,2,0,0,"undetermined"
"ICC14831",2,3,3,0,4,4,4,1,2,2,3,4,2,1,0,0,0,0,0,0,0,0,2,4,1,2,2,4,"undetermined"
"ICC15248",2,3,3,4,4,4,4,1,2,2,3,4,4,0,0,0,0,0,0,2,2,2,2,4,1,2,2,4,"undetermined"
"ICC15333",0,3,3,4,4,4,4,1,2,2,3,4,2,1,2,1,2,1,1,2,2,0,2,4,1,2,2,4,"undetermined"
"ICC15406",0,3,3,4,0,4,4,1,2,2,3,4,2,0,0,0,0,0,0,0,0,0,2,4,1,2,2,2,"undetermined"
"ICC15435",2,3,3,4,0,4,4,1,2,2,0,4,4,0,0,0,0,0,0,0,2,0,2,4,1,0,0,0,"undetermined"
"ICC15510",2,3,1,4,4,4,2,3,4,3,1,1,2,3,0,3,4,3,3,0,0,0,4,3,3,4,3,2,"undetermined"
"ICC15518",0,3,1,4,4,4,2,1,2,2,3,4,4,0,0,0,0,0,0,2,2,2,2,4,1,2,2,2,"undetermined"
"ICC15567",0,3,3,2,4,2,2,3,4,3,1,1,0,3,3,3,4,3,3,2,4,1,4,3,3,4,3,2,"undetermined"
"ICC15697",4,3,3,4,4,4,4,1,2,2,3,4,0,0,0,0,2,1,1,2,2,2,2,4,1,2,2,4,"undetermined"
"ICC15762",0,3,3,0,0,0,4,1,2,2,0,4,2,3,0,0,4,3,3,0,0,0,4,3,3,4,3,2,"undetermined"
"ICC15785",4,3,3,4,4,4,4,1,2,2,3,4,4,0,0,0,0,0,1,0,2,2,2,4,1,2,2,4,"undetermined"
"ICC15802",0,3,3,2,4,4,2,1,2,2,3,4,0,1,2,1,2,1,1,2,2,2,2,4,1,2,2,4,"undetermined"
"ICC16654",2,3,3,2,4,4,4,1,2,2,3,4,0,0,0,0,0,1,1,0,2,1,2,4,1,2,0,0,"undetermined"
"ICC18699",0,3,3,2,4,4,4,1,2,2,3,4,4,0,0,0,0,0,0,0,2,0,2,4,1,2,2,4,"undetermined"
"ICC18720",2,3,3,4,4,0,4,1,2,2,3,4,2,0,0,0,0,0,0,0,2,0,2,4,1,2,2,2,"undetermined"
"ICC18828",0,3,3,4,4,4,4,1,2,2,3,4,0,0,0,0,0,0,0,0,2,0,2,4,1,2,2,4,"undetermined"
"ICC18839",0,3,3,0,0,4,2,1,2,2,3,4,0,1,0,0,0,0,0,2,2,2,2,4,1,2,2,4,"undetermined"
"ICC18847",2,3,3,2,4,4,4,1,2,2,0,4,0,0,2,1,2,1,1,2,2,0,2,4,1,2,2,4,"undetermined"
"ICC18884",4,3,3,4,4,4,4,1,2,2,3,4,2,0,0,0,0,0,0,0,2,0,2,4,1,2,2,4,"undetermined"
"ICC18912",4,3,3,2,4,4,4,1,2,2,3,4,4,1,0,0,0,0,0,0,2,0,2,4,1,2,2,4,"undetermined"
"ICC19034",2,3,3,4,2,4,2,0,2,3,1,1,4,3,3,3,4,3,3,2,4,1,4,3,3,4,3,2,"undetermined"
"ICC19095",2,3,3,2,4,4,4,1,2,2,3,4,4,0,0,0,0,0,0,2,2,2,2,4,1,2,2,4,"undetermined"
"ICC19165",4,3,3,4,4,4,4,1,2,2,3,4,2,0,0,0,0,0,0,0,0,0,2,4,1,2,0,2,"undetermined"
"ICC20174",2,3,1,0,4,2,2,3,4,2,1,1,2,1,3,1,4,3,3,1,2,1,2,3,1,2,3,2,"undetermined"
"ICC20192",2,3,1,2,4,2,2,3,4,2,1,0,2,1,3,1,4,3,3,2,2,2,2,3,1,4,3,2,"undetermined"
"ICC20259",2,3,3,4,4,4,4,1,2,2,0,4,4,1,0,0,0,0,0,0,2,0,2,4,1,2,2,4,"undetermined"
"ICC20260",4,3,3,2,2,4,4,1,2,2,3,4,2,0,0,0,0,0,0,2,2,2,2,4,1,2,2,4,"undetermined"
"ICC20262",2,3,3,0,4,2,4,1,2,2,3,0,0,0,0,0,0,0,1,2,2,2,2,4,1,2,2,0,"undetermined"
"ICC20263",4,3,3,2,0,4,4,1,2,2,3,4,2,0,2,3,4,3,3,0,0,0,4,3,0,4,3,2,"undetermined"
"ICC20264",0,3,3,0,2,4,4,1,2,2,3,4,0,0,0,0,0,1,1,1,0,1,2,4,1,2,0,0,"undetermined"
"ICC20266",0,3,1,0,2,4,4,1,2,2,3,4,2,0,0,0,0,0,0,2,2,2,2,4,1,2,2,4,"undetermined"
"ICC20267",4,3,3,0,4,4,4,1,2,2,3,4,0,0,0,0,0,0,0,2,2,2,2,4,1,2,2,4,"undetermined"
"ICC2482",0,3,3,2,4,4,2,3,4,3,1,1,2,3,3,3,4,3,3,2,2,1,4,3,3,4,3,2,"undetermined"
"ICC2580",4,3,3,0,2,4,2,3,4,3,1,1,2,3,2,1,2,0,1,2,4,1,4,3,3,2,0,2,"undetermined"
"ICC2679",4,3,0,0,2,4,2,3,2,3,1,1,2,3,3,3,4,3,3,2,4,1,4,3,3,4,3,2,"undetermined"
"ICC3325",4,3,3,0,2,4,2,3,4,3,1,1,0,3,3,3,4,3,3,2,4,1,4,4,0,2,3,2,"undetermined"
"ICC3421",0,3,3,2,4,4,2,3,4,3,1,1,2,3,3,3,4,3,3,2,4,1,2,0,3,4,3,2,"undetermined"
"ICC4182",0,3,3,0,4,4,2,3,4,3,1,1,2,3,0,3,4,3,3,2,4,1,2,3,3,4,3,2,"undetermined"
"ICC440",4,3,3,0,2,2,2,0,2,3,1,1,2,3,3,3,4,3,3,2,4,1,4,3,3,4,3,2,"undetermined"
"ICC4418",2,3,3,4,4,4,4,1,2,2,3,4,2,0,2,3,4,3,3,0,0,0,4,3,1,4,3,2,"undetermined"
"ICC4495",0,3,3,2,2,2,2,1,2,2,3,4,0,0,0,0,0,0,0,0,0,0,2,4,0,0,0,0,"undetermined"
"ICC456",4,3,3,4,0,4,2,3,4,2,1,1,2,1,2,3,4,3,3,2,4,1,4,3,3,4,3,2,"undetermined"
"ICC4639",0,3,3,4,4,4,4,1,2,2,3,4,4,0,0,0,0,0,0,2,2,2,2,4,1,2,0,0,"undetermined"
"ICC4841",0,3,3,4,4,4,4,1,2,2,3,4,0,0,0,0,0,0,0,2,2,2,2,4,1,2,0,0,"undetermined"
"ICC4853",2,3,3,0,4,4,4,1,2,2,3,4,2,1,0,0,0,0,1,1,0,1,2,4,1,2,2,4,"undetermined"
"ICC4872",2,3,3,2,2,4,4,1,2,2,3,4,4,0,0,0,0,0,0,0,0,0,2,0,1,2,2,4,"undetermined"
"ICC5879",2,3,3,4,4,4,2,3,4,3,1,1,0,3,3,3,4,3,3,2,4,1,4,3,3,4,2,2,"undetermined"
"ICC6294",4,3,3,4,2,4,4,1,2,2,3,4,0,1,0,0,2,1,1,2,2,2,2,4,1,2,0,0,"undetermined"
"ICC6811",0,3,3,4,4,4,4,1,2,2,3,4,2,0,0,0,0,0,0,2,2,2,2,4,1,2,2,4,"undetermined"
"ICC7150",4,3,3,2,4,4,4,1,2,2,3,4,2,1,0,0,0,0,0,2,2,2,2,4,1,2,0,0,"undetermined"
"ICC7184",4,3,3,2,0,4,2,0,4,0,3,0,2,3,0,3,4,3,3,1,2,0,0,0,0,0,0,2,"undetermined"
"ICC7255",0,3,1,2,4,4,4,1,2,2,3,4,4,0,0,0,0,0,0,2,2,2,2,4,1,2,2,4,"undetermined"
"ICC7272",4,3,3,4,4,4,2,0,4,0,0,0,2,3,3,3,4,3,3,2,0,0,2,4,0,0,0,2,"undetermined"
"ICC7315",0,3,3,2,4,4,4,1,2,2,3,4,4,1,0,0,0,0,0,2,2,2,2,4,1,2,2,2,"undetermined"
"ICC7571",2,3,3,0,4,4,4,1,2,2,3,4,4,0,0,0,0,0,1,2,2,2,2,4,1,2,2,2,"undetermined"
"ICC7668",2,3,3,4,4,4,4,1,2,2,3,4,4,1,0,0,0,0,0,0,2,0,2,4,1,2,2,4,"undetermined"
"ICC8058",4,3,3,2,4,2,2,3,4,3,1,1,2,3,0,3,4,3,3,0,0,0,4,3,3,4,3,2,"undetermined"
"ICC8151",4,3,3,4,4,4,4,1,2,2,3,4,0,0,0,0,0,0,0,0,0,0,2,4,1,2,0,0,"undetermined"
"ICC8261",4,3,3,0,2,4,4,1,2,2,3,4,4,0,0,0,0,0,1,2,2,2,2,4,1,2,0,0,"undetermined"
"ICC8350",0,3,3,0,0,4,2,0,0,0,0,0,2,3,3,3,4,3,3,2,2,1,0,0,0,0,0,2,"undetermined"
"ICC8515",4,3,3,4,4,4,4,1,2,2,3,4,0,0,0,0,0,0,0,0,2,2,2,4,1,0,0,0,"undetermined"
"ICC8522",0,3,3,4,4,4,4,1,2,2,3,4,0,1,0,0,0,0,0,2,2,2,2,4,1,2,2,4,"undetermined"
"ICC8607",2,3,3,4,4,4,2,1,2,0,3,4,0,0,0,0,0,0,0,1,2,2,2,4,1,2,0,0,"undetermined"
"ICC9137",2,3,3,4,4,4,2,1,0,2,3,4,0,0,0,0,0,0,0,2,2,2,2,4,1,2,2,4,"undetermined"
"ICC9402",4,3,3,0,4,4,2,0,2,2,3,4,0,0,0,0,2,1,1,2,2,2,2,4,1,2,0,0,"undetermined"
"ICC9590",4,3,3,2,4,4,4,1,2,2,3,4,4,0,0,0,0,0,0,0,2,0,2,4,1,2,0,2,"undetermined"
"ICC9643",0,3,3,4,4,4,4,1,2,2,3,4,2,0,0,0,4,3,3,0,0,0,2,4,0,4,3,2,"undetermined"
"ICC9872",0,3,3,4,4,4,2,3,4,3,1,1,2,3,0,1,4,3,3,2,4,1,4,3,3,4,3,2,"undetermined"
"ICC9895",4,3,3,0,2,4,2,3,4,3,1,1,4,1,3,3,4,3,3,2,4,1,4,3,3,4,3,2,"undetermined"
"ICCC32",4,3,3,4,4,4,0,0,2,0,0,0,2,0,2,1,2,3,3,2,0,0,2,4,0,2,3,2,"undetermined"
"ICCC37",0,3,3,2,4,4,2,3,4,3,1,1,2,3,3,3,4,3,3,2,2,1,4,3,3,4,3,2,"undetermined"
"ICCV00108",4,3,3,2,0,4,2,1,2,3,1,1,0,0,2,1,4,3,3,2,4,1,4,3,3,4,3,2,"undetermined"
"ICCV89509",4,3,3,4,4,4,4,1,2,2,3,4,0,0,0,0,2,1,1,2,2,2,2,4,1,2,0,2,"undetermined"
"ICCV92006",2,3,3,4,4,2,2,3,4,3,1,1,4,0,3,3,4,3,3,2,4,1,4,3,3,4,3,2,"undetermined"
"ICCV92311",4,3,3,4,0,4,4,1,2,2,3,4,2,0,0,0,2,1,1,2,2,2,2,4,1,2,2,4,"undetermined"
"ICCV92318",4,3,3,4,4,4,4,1,2,2,3,4,2,1,0,0,2,1,1,2,2,2,2,4,1,2,2,4,"undetermined"
"ICCV92337",4,3,1,4,4,4,4,1,2,2,3,4,0,0,0,0,0,1,1,0,2,0,2,4,0,0,0,0,"undetermined"
"ICCV92944",4,3,3,4,4,4,4,1,2,2,3,4,2,1,0,0,0,0,0,2,2,2,2,4,1,2,2,4,"undetermined"
"ICCV93952",4,3,3,4,4,4,2,3,4,3,0,1,2,3,3,3,4,3,3,2,4,1,2,0,3,4,3,2,"undetermined"
"ICCV94954",4,3,3,4,2,4,2,3,4,3,1,1,0,1,3,3,2,3,3,2,4,1,4,3,3,4,3,2,"undetermined"
"ICCV95311",4,3,3,4,4,4,4,1,2,2,3,4,2,0,0,0,0,0,1,2,2,2,2,4,1,2,2,4,"undetermined"
"ICCV95332",4,3,3,4,4,4,4,1,2,2,3,4,4,0,0,0,0,0,0,1,2,0,2,4,1,2,2,2,"undetermined"
"ICCV95334",4,3,3,4,0,4,4,1,2,2,3,4,4,0,0,0,2,1,1,2,2,2,2,4,1,2,0,2,"undetermined"
"ICCV95423",4,3,3,4,4,4,4,1,2,2,3,4,0,1,0,0,0,0,0,0,0,2,2,4,1,2,2,2,"undetermined"
"ICCV96329",0,3,3,0,2,4,4,1,2,2,3,4,4,0,0,0,0,0,0,0,2,2,2,4,1,2,2,2,"undetermined"
"ILC3279",4,3,3,4,4,4,2,0,4,0,1,0,0,3,3,3,4,0,0,2,4,1,0,0,1,2,0,2,"undetermined"
"IPCK2002-29",4,3,3,0,4,4,4,1,2,2,3,4,4,0,0,0,0,0,0,0,0,0,2,4,1,2,2,4,"undetermined"
"JGG1",2,3,3,2,4,4,2,3,4,3,1,1,2,3,2,0,2,3,3,2,4,1,4,3,3,4,3,2,"undetermined"
"L551",4,3,3,4,2,4,4,1,2,2,0,4,2,1,0,0,0,0,0,0,0,0,2,4,1,2,0,2,"undetermined"
"PBG1",2,3,3,0,4,4,2,3,4,3,1,1,2,3,3,3,4,3,3,2,4,1,2,3,3,4,3,2,"undetermined"
"PBG5",4,3,3,2,4,4,4,1,2,2,3,4,0,0,0,1,2,0,1,2,2,2,2,4,1,2,2,4,"undetermined"
"PDG3",0,3,0,4,4,4,2,3,4,3,1,1,2,3,3,3,4,1,0,2,2,1,4,3,3,4,3,2,"undetermined"
"Phule_G0027",4,3,1,0,4,4,2,1,2,2,3,4,2,0,0,0,0,0,0,0,2,2,2,4,1,2,0,0,"undetermined"
"Pistol",4,3,3,4,4,0,2,3,4,3,1,1,2,3,3,3,2,3,3,2,4,1,4,3,3,4,3,2,"undetermined"
"PKV_Harita",4,3,3,4,4,4,4,1,2,2,3,4,0,0,0,0,2,1,1,2,2,2,2,4,1,2,2,4,"undetermined"
"Pusa1088",4,3,3,4,2,4,4,1,2,2,1,4,0,0,0,0,0,0,0,0,0,0,2,4,1,2,0,0,"undetermined"
"Pusa261",4,3,3,4,4,4,4,1,2,2,3,4,4,0,0,0,0,0,0,0,0,0,2,4,1,2,2,2,"undetermined"
"Pusa267",2,3,3,2,0,4,4,1,2,2,3,4,2,0,0,0,0,0,0,2,2,2,2,4,1,2,2,4,"undetermined"
"Yezin3",4,3,3,4,4,4,4,1,2,2,3,4,2,1,0,0,0,0,0,2,2,2,2,4,1,2,2,4,"undetermined"
"CDCLuna",4,0,0,4,0,4,0,0,0,0,1,1,4,0,0,0,0,0,0,0,0,0,0,4,3,4,3,2,"undetermined"
"GL769",2,0,0,2,0,4,2,3,4,3,1,1,2,3,3,3,4,3,3,2,4,1,2,4,1,4,3,2,"undetermined"
"ICC13628",2,0,0,0,0,4,4,1,2,2,3,4,0,0,0,0,0,0,0,2,2,2,2,4,1,2,2,4,"undetermined"
"ICC3230",2,0,1,2,4,2,2,3,4,3,1,1,2,3,3,3,4,3,3,2,4,1,4,3,3,4,3,2,"undetermined"
"ICC7413",2,0,0,2,0,4,4,1,2,2,3,4,0,0,0,0,0,0,0,2,2,2,2,4,1,2,2,4,"undetermined"
"ICC8521",0,0,0,2,2,4,4,1,2,2,0,4,0,0,0,0,0,0,0,0,0,0,2,4,1,0,0,0,"undetermined"
"ICC9636",0,0,0,0,2,4,2,3,0,2,1,1,2,3,0,3,4,3,3,2,4,1,4,3,3,4,3,2,"undetermined"
"ICC9702",2,0,0,2,2,2,2,3,4,3,1,1,2,3,3,3,2,3,3,2,4,1,2,0,3,4,3,2,"undetermined"
"ICC20183",2,0,3,2,4,2,4,1,2,2,0,0,2,3,3,3,4,3,3,2,2,2,4,3,0,0,3,2,"undetermined"
